Gender,Age,Variant,Party,Donate,DonationAmt,Newsletter,Share,ShareType
F,18-24,1,Democrat,0,0,N,N,NA
F,35-44,1,Democrat,0,0,N,N,NA
M,65+,2,Democrat,0,0,N,N,NA
M,65+,2,Democrat,0,0,N,N,NA
M,35-44,1,Democrat,0,0,N,N,NA
M,65+,2,Democrat,0,0,N,N,NA
F,45-54,3,Other,0,0,N,N,NA
M,18-24,1,Democrat,0,0,N,N,NA
F,18-24,3,Democrat,0,0,N,N,NA
F,25-34,2,Independent,0,0,N,N,NA
M,25-34,2,Democrat,0,0,N,N,NA
F,25-34,1,Democrat,0,0,N,N,NA
M,65+,2,Democrat,0,0,N,N,NA
F,25-34,2,Other,0,0,N,N,NA
F,25-34,3,Democrat,0,0,N,N,NA
M,25-34,2,Democrat,0,0,N,N,NA
F,65+,3,Democrat,0,0,N,N,NA
F,65+,2,Democrat,0,0,N,N,NA
M,35-44,3,Democrat,0,0,N,N,NA
F,65+,3,Other,0,0,N,N,NA
M,18-24,3,Independent,0,0,N,N,NA
F,18-24,2,Democrat,0,0,N,N,NA
M,65+,3,Democrat,0,0,N,N,NA
F,18-24,2,Democrat,0,0,N,N,NA
F,65+,3,Democrat,0,0,N,Y,Twitter
M,18-24,3,Democrat,0,0,N,N,NA
M,35-44,1,Democrat,0,0,N,Y,Email
F,65+,1,Democrat,1,18,N,N,NA
M,65+,1,Other,0,0,N,N,NA
F,18-24,2,Democrat,0,0,N,N,NA
F,45-54,2,Democrat,0,0,N,N,NA
F,45-54,3,Independent,0,0,N,N,NA
F,55-64,2,Democrat,0,0,N,N,NA
F,65+,2,Democrat,0,0,N,N,NA
M,18-24,1,Democrat,0,0,N,N,NA
M,45-54,2,Democrat,0,0,N,N,NA
M,25-34,2,Democrat,0,0,N,N,NA
M,18-24,1,Democrat,0,0,Y,N,NA
F,25-34,1,Democrat,0,0,N,N,NA
M,18-24,1,Democrat,0,0,N,N,NA
F,65+,2,Democrat,0,0,N,N,NA
F,25-34,2,Democrat,0,0,N,N,NA
F,35-44,3,Democrat,0,0,N,N,NA
M,35-44,1,Democrat,0,0,N,N,NA
M,25-34,1,Independent,0,0,N,N,NA
F,18-24,1,Democrat,0,0,N,N,NA
F,65+,2,Democrat,0,0,N,N,NA
M,35-44,3,Democrat,0,0,N,N,NA
F,35-44,1,Democrat,0,0,N,N,NA
F,65+,2,Other,0,0,N,N,NA
M,35-44,2,Democrat,0,0,N,N,NA
M,35-44,1,Democrat,0,0,Y,N,NA
F,25-34,1,Democrat,0,0,N,N,NA
M,18-24,1,Democrat,0,0,N,N,NA
F,65+,3,Democrat,0,0,N,N,NA
F,35-44,2,Democrat,0,0,N,N,NA
F,35-44,2,Independent,0,0,N,N,NA
F,55-64,2,Democrat,1,21,N,N,NA
F,25-34,3,Independent,0,0,N,Y,Email
M,25-34,1,Democrat,0,0,N,N,NA
M,65+,2,Democrat,0,0,N,N,NA
F,65+,3,Democrat,0,0,N,N,NA
M,65+,3,Independent,0,0,N,N,NA
F,55-64,1,Democrat,0,0,N,N,NA
M,45-54,3,Democrat,1,49,N,N,NA
M,65+,2,Democrat,0,0,N,N,NA
F,65+,2,Democrat,0,0,N,N,NA
F,25-34,2,Democrat,0,0,N,N,NA
M,65+,1,Democrat,0,0,N,N,NA
M,65+,3,Democrat,0,0,N,N,NA
F,18-24,3,Democrat,0,0,N,N,NA
M,18-24,1,Democrat,0,0,N,Y,Email
F,25-34,2,Democrat,0,0,N,N,NA
F,65+,3,Other,0,0,N,N,NA
M,35-44,2,Independent,0,0,N,N,NA
M,25-34,3,Other,0,0,N,N,NA
M,65+,1,Other,0,0,N,N,NA
F,18-24,2,Democrat,0,0,N,N,NA
M,65+,3,Other,0,0,N,N,NA
F,18-24,3,Democrat,0,0,N,N,NA
F,18-24,2,Democrat,0,0,N,N,NA
M,45-54,1,Democrat,0,0,N,N,NA
F,25-34,1,Democrat,0,0,N,N,NA
M,25-34,3,Democrat,0,0,N,N,NA
M,18-24,2,Democrat,0,0,N,N,NA
M,55-64,1,Democrat,0,0,N,N,NA
F,18-24,3,Democrat,0,0,N,N,NA
M,18-24,2,Democrat,0,0,N,N,NA
M,65+,1,Independent,0,0,N,N,NA
M,65+,1,Democrat,0,0,N,N,NA
F,25-34,3,Democrat,0,0,N,N,NA
F,35-44,1,Independent,0,0,N,N,NA
M,25-34,1,Democrat,0,0,N,N,NA
M,18-24,2,Democrat,0,0,N,Y,Twitter
F,25-34,2,Independent,0,0,N,N,NA
F,18-24,3,Democrat,0,0,N,N,NA
M,55-64,3,Democrat,0,0,N,Y,Twitter
M,45-54,2,Democrat,0,0,N,N,NA
F,35-44,3,Independent,0,0,N,N,NA
F,65+,2,Independent,0,0,N,N,NA
F,18-24,2,Other,0,0,N,N,NA
M,65+,3,Democrat,0,0,N,N,NA
F,18-24,1,Democrat,1,20,N,N,NA
M,18-24,1,Democrat,0,0,N,N,NA
M,55-64,2,Democrat,0,0,N,N,NA
F,35-44,3,Democrat,1,39,N,N,NA
F,18-24,1,Independent,0,0,N,N,NA
F,18-24,3,Independent,0,0,N,N,NA
M,18-24,2,Independent,0,0,N,N,NA
M,18-24,2,Democrat,0,0,N,N,NA
F,18-24,3,Democrat,0,0,N,N,NA
M,25-34,3,Democrat,0,0,N,N,NA
F,18-24,1,Democrat,0,0,N,N,NA
M,65+,1,Democrat,0,0,N,N,NA
M,18-24,2,Democrat,0,0,N,N,NA
M,45-54,2,Democrat,0,0,N,N,NA
F,35-44,3,Democrat,0,0,N,N,NA
M,65+,3,Democrat,0,0,N,N,NA
M,45-54,3,Independent,0,0,N,N,NA
M,35-44,3,Democrat,0,0,N,N,NA
M,65+,3,Independent,0,0,N,N,NA
F,55-64,3,Democrat,0,0,N,Y,Email
M,25-34,1,Democrat,0,0,N,N,NA
M,45-54,3,Democrat,0,0,N,N,NA
F,65+,2,Other,0,0,N,N,NA
F,65+,1,Democrat,0,0,N,N,NA
F,25-34,3,Democrat,0,0,N,N,NA
M,25-34,3,Democrat,0,0,N,N,NA
M,65+,3,Democrat,0,0,N,N,NA
M,18-24,3,Other,0,0,N,N,NA
M,25-34,2,Democrat,0,0,N,N,NA
M,18-24,1,Democrat,0,0,N,N,NA
F,18-24,1,Democrat,0,0,N,N,NA
F,25-34,2,Independent,0,0,N,N,NA
M,65+,2,Democrat,0,0,N,N,NA
M,65+,2,Other,0,0,N,N,NA
F,18-24,1,Democrat,0,0,N,N,NA
F,55-64,1,Other,0,0,N,N,NA
M,45-54,3,Independent,0,0,N,N,NA
M,65+,2,Democrat,0,0,N,N,NA
F,65+,2,Democrat,0,0,N,N,NA
F,25-34,1,Democrat,0,0,N,N,NA
M,25-34,1,Democrat,0,0,N,N,NA
M,55-64,2,Independent,1,20,N,N,NA
F,25-34,2,Democrat,1,21,N,N,NA
F,65+,1,Democrat,0,0,N,N,NA
M,35-44,3,Independent,0,0,N,N,NA
M,25-34,2,Democrat,0,0,N,N,NA
F,25-34,1,Democrat,0,0,N,N,NA
M,45-54,2,Democrat,0,0,N,N,NA
M,65+,1,Democrat,0,0,N,N,NA
F,18-24,1,Democrat,0,0,N,N,NA
M,55-64,2,Democrat,0,0,N,N,NA
M,25-34,3,Independent,0,0,N,N,NA
M,65+,2,Democrat,0,0,N,N,NA
F,18-24,2,Independent,0,0,N,N,NA
F,25-34,2,Democrat,0,0,N,N,NA
M,18-24,2,Democrat,0,0,N,N,NA
F,25-34,3,Democrat,0,0,N,N,NA
F,18-24,2,Independent,0,0,N,N,NA
M,25-34,1,Independent,0,0,N,N,NA
F,18-24,3,Other,0,0,N,N,NA
M,18-24,3,Other,0,0,N,N,NA
F,65+,2,Democrat,0,0,N,N,NA
M,65+,3,Democrat,0,0,N,N,NA
M,25-34,2,Independent,0,0,N,N,NA
F,65+,2,Democrat,0,0,N,N,NA
F,55-64,3,Democrat,0,0,N,N,NA
M,65+,2,Independent,0,0,N,N,NA
M,55-64,3,Democrat,0,0,N,N,NA
M,65+,1,Independent,0,0,N,N,NA
M,18-24,2,Democrat,0,0,N,N,NA
M,55-64,2,Democrat,0,0,N,N,NA
F,18-24,2,Democrat,0,0,N,N,NA
F,55-64,3,Democrat,0,0,N,N,NA
M,25-34,3,Democrat,0,0,N,N,NA
M,55-64,1,Independent,0,0,N,N,NA
F,18-24,2,Democrat,0,0,N,N,NA
M,25-34,1,Democrat,0,0,N,N,NA
M,25-34,1,Democrat,0,0,N,N,NA
F,18-24,3,Democrat,0,0,N,N,NA
F,45-54,2,Independent,0,0,N,N,NA
M,18-24,2,Democrat,0,0,N,N,NA
F,65+,3,Democrat,0,0,N,N,NA
F,25-34,1,Independent,0,0,N,N,NA
M,18-24,3,Democrat,0,0,N,N,NA
M,18-24,3,Democrat,0,0,N,N,NA
F,35-44,1,Independent,1,29,N,N,NA
F,18-24,2,Other,0,0,N,N,NA
M,65+,1,Democrat,0,0,N,Y,Twitter
F,65+,1,Other,0,0,N,N,NA
F,25-34,1,Democrat,0,0,N,N,NA
M,18-24,1,Democrat,0,0,N,N,NA
M,65+,2,Democrat,0,0,N,N,NA
M,18-24,3,Independent,0,0,N,N,NA
F,45-54,1,Independent,0,0,N,N,NA
F,55-64,3,Democrat,0,0,N,N,NA
M,25-34,3,Democrat,0,0,N,N,NA
F,65+,3,Democrat,0,0,N,N,NA
F,35-44,1,Independent,0,0,N,Y,Email
M,25-34,1,Democrat,0,0,N,N,NA
M,35-44,1,Democrat,0,0,N,N,NA
M,35-44,1,Independent,0,0,N,N,NA
M,18-24,3,Democrat,0,0,N,N,NA
M,35-44,2,Independent,0,0,N,Y,Twitter
M,55-64,1,Other,0,0,N,N,NA
M,18-24,1,Democrat,0,0,N,N,NA
F,25-34,3,Democrat,0,0,N,N,NA
M,55-64,2,Democrat,0,0,N,Y,Email
M,18-24,3,Other,0,0,N,Y,Email
M,18-24,1,Independent,1,22,N,N,NA
F,45-54,2,Democrat,1,19,N,N,NA
F,65+,1,Democrat,0,0,N,N,NA
F,35-44,3,Democrat,0,0,N,N,NA
M,35-44,3,Independent,0,0,N,N,NA
F,25-34,1,Democrat,1,21,N,N,NA
F,35-44,1,Independent,0,0,N,N,NA
M,45-54,1,Independent,0,0,N,N,NA
F,35-44,1,Democrat,0,0,N,N,NA
M,25-34,3,Democrat,0,0,Y,N,NA
F,55-64,2,Independent,0,0,N,N,NA
M,65+,2,Independent,0,0,N,N,NA
M,65+,1,Democrat,0,0,N,N,NA
M,35-44,2,Democrat,0,0,N,N,NA
M,65+,1,Democrat,0,0,N,N,NA
F,25-34,1,Independent,0,0,N,N,NA
F,18-24,1,Democrat,0,0,N,N,NA
M,65+,1,Other,0,0,N,N,NA
F,45-54,2,Democrat,0,0,N,N,NA
M,65+,2,Other,0,0,N,N,NA
M,18-24,1,Democrat,0,0,Y,N,NA
F,25-34,1,Independent,0,0,N,N,NA
M,18-24,1,Democrat,0,0,N,N,NA
F,25-34,3,Democrat,0,0,N,N,NA
F,35-44,3,Democrat,0,0,N,N,NA
F,65+,2,Other,1,21,N,N,NA
M,35-44,1,Other,0,0,N,N,NA
F,65+,1,Other,0,0,N,N,NA
F,18-24,1,Democrat,0,0,N,N,NA
M,35-44,3,Democrat,0,0,N,N,NA
M,18-24,1,Other,0,0,N,N,NA
M,25-34,2,Democrat,0,0,N,N,NA
M,65+,2,Democrat,0,0,N,N,NA
F,55-64,3,Democrat,0,0,N,N,NA
M,65+,2,Independent,0,0,N,N,NA
M,18-24,3,Democrat,0,0,N,N,NA
M,18-24,3,Democrat,0,0,N,N,NA
F,18-24,2,Democrat,0,0,N,N,NA
M,18-24,3,Other,0,0,N,N,NA
F,65+,2,Democrat,0,0,N,N,NA
M,45-54,1,Independent,0,0,N,N,NA
M,65+,3,Democrat,0,0,N,N,NA
F,55-64,3,Democrat,0,0,N,N,NA
F,18-24,2,Independent,0,0,N,N,NA
F,25-34,1,Democrat,0,0,N,N,NA
F,35-44,1,Democrat,0,0,N,N,NA
M,65+,2,Democrat,0,0,N,N,NA
F,18-24,3,Independent,0,0,N,N,NA
F,18-24,1,Democrat,0,0,N,N,NA
F,18-24,2,Democrat,0,0,N,N,NA
F,18-24,1,Other,0,0,N,N,NA
M,55-64,1,Independent,0,0,N,N,NA
F,18-24,3,Democrat,0,0,N,N,NA
M,65+,1,Democrat,0,0,N,N,NA
F,65+,3,Democrat,0,0,N,N,NA
F,35-44,3,Democrat,0,0,N,N,NA
F,35-44,3,Democrat,0,0,N,N,NA
M,45-54,1,Democrat,0,0,N,Y,Twitter
M,35-44,2,Other,0,0,N,N,NA
M,35-44,2,Democrat,0,0,N,N,NA
F,55-64,1,Democrat,1,25,N,N,NA
M,65+,3,Democrat,0,0,N,N,NA
F,18-24,2,Other,0,0,N,N,NA
F,45-54,1,Democrat,0,0,N,N,NA
M,65+,1,Democrat,0,0,N,N,NA
M,35-44,2,Democrat,0,0,N,N,NA
F,25-34,1,Democrat,0,0,N,N,NA
F,45-54,3,Independent,0,0,N,N,NA
F,18-24,1,Democrat,0,0,N,N,NA
M,35-44,3,Democrat,0,0,N,N,NA
M,18-24,1,Democrat,0,0,N,N,NA
M,65+,2,Democrat,0,0,N,N,NA
M,65+,2,Independent,0,0,N,N,NA
M,65+,1,Democrat,0,0,N,N,NA
F,25-34,3,Democrat,0,0,N,N,NA
M,55-64,2,Democrat,0,0,N,N,NA
M,65+,1,Democrat,0,0,N,N,NA
F,65+,2,Democrat,0,0,N,N,NA
M,65+,1,Other,0,0,N,N,NA
M,18-24,2,Democrat,0,0,N,N,NA
F,45-54,2,Democrat,0,0,N,N,NA
F,25-34,1,Independent,0,0,N,N,NA
F,18-24,1,Democrat,0,0,N,N,NA
F,25-34,1,Democrat,0,0,N,N,NA
M,45-54,3,Democrat,0,0,N,N,NA
F,25-34,3,Democrat,0,0,Y,N,NA
M,25-34,2,Democrat,0,0,N,Y,Email
F,35-44,3,Other,0,0,N,N,NA
M,65+,2,Democrat,0,0,N,N,NA
F,18-24,1,Democrat,0,0,Y,N,NA
F,18-24,2,Democrat,0,0,N,N,NA
F,18-24,2,Democrat,0,0,N,N,NA
F,65+,1,Independent,0,0,N,N,NA
F,25-34,3,Democrat,0,0,N,N,NA
M,45-54,3,Democrat,0,0,N,N,NA
F,45-54,3,Democrat,0,0,N,N,NA
M,65+,3,Other,0,0,N,N,NA
M,45-54,1,Independent,0,0,N,N,NA
F,65+,1,Other,1,23,N,N,NA
F,25-34,1,Democrat,1,25,N,N,NA
M,18-24,3,Other,0,0,N,N,NA
M,35-44,3,Other,0,0,N,N,NA
M,55-64,3,Democrat,0,0,N,N,NA
M,65+,1,Other,1,32,N,N,NA
M,55-64,1,Democrat,0,0,N,N,NA
M,55-64,1,Democrat,0,0,N,N,NA
M,65+,2,Democrat,0,0,N,N,NA
M,65+,1,Independent,0,0,N,N,NA
F,18-24,2,Democrat,0,0,N,N,NA
F,18-24,1,Democrat,0,0,N,N,NA
F,65+,3,Democrat,0,0,N,N,NA
M,18-24,3,Democrat,0,0,N,Y,Twitter
M,65+,2,Democrat,0,0,N,N,NA
M,65+,1,Democrat,0,0,N,N,NA
F,18-24,2,Democrat,0,0,Y,N,NA
M,65+,1,Democrat,0,0,Y,N,NA
M,35-44,1,Democrat,0,0,N,N,NA
F,18-24,3,Democrat,0,0,N,N,NA
F,18-24,3,Democrat,0,0,N,N,NA
F,35-44,3,Democrat,0,0,N,N,NA
M,55-64,2,Democrat,0,0,N,N,NA
M,65+,1,Independent,0,0,N,N,NA
F,65+,3,Independent,0,0,N,N,NA
F,25-34,3,Democrat,0,0,N,N,NA
F,65+,1,Democrat,0,0,N,N,NA
F,35-44,2,Democrat,0,0,N,N,NA
M,65+,2,Democrat,0,0,N,N,NA
M,65+,3,Democrat,0,0,N,N,NA
F,65+,2,Independent,0,0,N,N,NA
M,25-34,2,Democrat,0,0,N,N,NA
F,25-34,1,Independent,0,0,N,N,NA
M,65+,3,Democrat,0,0,N,N,NA
M,65+,3,Independent,0,0,N,N,NA
M,65+,3,Independent,0,0,N,N,NA
M,18-24,1,Democrat,0,0,N,N,NA
F,35-44,2,Other,0,0,N,N,NA
M,25-34,2,Democrat,0,0,N,N,NA
F,65+,2,Democrat,0,0,N,N,NA
M,18-24,1,Independent,0,0,N,N,NA
M,25-34,3,Democrat,0,0,N,N,NA
M,18-24,2,Democrat,0,0,N,N,NA
F,55-64,3,Other,0,0,N,N,NA
M,45-54,2,Independent,0,0,N,N,NA
F,18-24,1,Democrat,0,0,N,N,NA
M,65+,3,Other,0,0,N,N,NA
M,35-44,1,Democrat,0,0,N,N,NA
F,25-34,3,Democrat,0,0,N,N,NA
F,35-44,3,Independent,0,0,N,N,NA
M,55-64,3,Democrat,0,0,N,N,NA
M,18-24,1,Democrat,0,0,N,N,NA
M,25-34,2,Democrat,0,0,N,N,NA
M,25-34,2,Democrat,0,0,N,N,NA
M,18-24,1,Democrat,0,0,N,N,NA
F,25-34,2,Democrat,0,0,N,N,NA
M,25-34,1,Independent,0,0,N,N,NA
F,25-34,3,Democrat,0,0,N,N,NA
F,65+,1,Democrat,0,0,N,Y,Twitter
F,45-54,1,Independent,0,0,N,N,NA
M,35-44,2,Democrat,0,0,N,N,NA
M,18-24,2,Other,0,0,N,N,NA
F,55-64,1,Democrat,0,0,N,N,NA
F,18-24,2,Democrat,0,0,N,N,NA
M,65+,1,Other,0,0,N,N,NA
M,65+,2,Democrat,1,25,N,N,NA
F,18-24,3,Democrat,0,0,N,N,NA
M,35-44,3,Democrat,0,0,N,N,NA
F,65+,2,Democrat,0,0,N,N,NA
F,25-34,3,Democrat,0,0,N,N,NA
F,65+,2,Democrat,0,0,N,N,NA
M,18-24,1,Democrat,0,0,N,N,NA
F,25-34,1,Other,0,0,N,N,NA
F,35-44,3,Democrat,0,0,N,N,NA
M,65+,2,Other,0,0,N,N,NA
F,65+,3,Democrat,0,0,N,N,NA
F,25-34,3,Democrat,0,0,N,N,NA
M,65+,1,Democrat,0,0,N,N,NA
M,65+,1,Democrat,0,0,Y,N,NA
M,65+,2,Independent,0,0,N,N,NA
F,65+,3,Democrat,0,0,N,N,NA
F,35-44,1,Independent,0,0,Y,N,NA
F,55-64,1,Democrat,0,0,N,N,NA
M,18-24,2,Independent,0,0,N,N,NA
F,65+,3,Independent,0,0,N,N,NA
F,25-34,3,Independent,0,0,N,N,NA
F,25-34,2,Independent,0,0,N,N,NA
F,65+,1,Democrat,0,0,N,N,NA
F,45-54,2,Democrat,0,0,N,N,NA
F,25-34,2,Democrat,0,0,N,Y,Email
F,65+,3,Democrat,0,0,N,N,NA
M,65+,3,Independent,0,0,N,Y,Twitter
M,25-34,3,Other,0,0,N,Y,Email
M,35-44,1,Democrat,0,0,N,N,NA
F,55-64,1,Independent,0,0,N,N,NA
F,65+,3,Independent,0,0,N,N,NA
M,65+,1,Democrat,0,0,N,N,NA
M,18-24,3,Democrat,0,0,N,N,NA
M,25-34,1,Democrat,0,0,N,N,NA
F,25-34,1,Democrat,0,0,N,N,NA
F,18-24,2,Independent,0,0,N,N,NA
F,65+,3,Democrat,0,0,N,N,NA
M,65+,1,Other,0,0,N,N,NA
M,65+,3,Democrat,0,0,N,N,NA
F,65+,1,Democrat,0,0,N,N,NA
M,18-24,2,Other,0,0,N,N,NA
F,18-24,1,Democrat,0,0,N,N,NA
F,35-44,2,Independent,0,0,N,N,NA
M,65+,3,Independent,0,0,N,N,NA
M,35-44,3,Democrat,0,0,N,N,NA
M,25-34,2,Democrat,0,0,N,Y,Email
M,18-24,1,Independent,0,0,N,N,NA
F,25-34,2,Independent,0,0,N,N,NA
M,65+,3,Democrat,0,0,N,N,NA
M,55-64,3,Other,0,0,N,N,NA
M,18-24,2,Democrat,0,0,N,N,NA
F,18-24,3,Other,0,0,N,N,NA
M,65+,1,Independent,0,0,N,N,NA
M,65+,3,Democrat,0,0,N,N,NA
F,65+,1,Democrat,0,0,N,N,NA
M,65+,1,Independent,0,0,Y,N,NA
F,25-34,1,Independent,0,0,N,N,NA
M,35-44,1,Democrat,0,0,N,N,NA
M,65+,2,Democrat,0,0,N,N,NA
F,45-54,2,Other,0,0,N,N,NA
M,18-24,2,Independent,0,0,N,N,NA
M,35-44,2,Democrat,0,0,N,Y,Email
M,45-54,2,Democrat,0,0,N,N,NA
M,35-44,2,Other,0,0,N,N,NA
M,35-44,1,Independent,0,0,N,N,NA
F,65+,1,Democrat,0,0,N,N,NA
M,65+,1,Democrat,0,0,N,N,NA
F,35-44,1,Democrat,0,0,Y,Y,Email
F,45-54,2,Democrat,0,0,N,N,NA
M,55-64,3,Democrat,0,0,N,N,NA
M,65+,2,Democrat,0,0,N,N,NA
M,65+,2,Democrat,0,0,N,N,NA
F,55-64,2,Democrat,0,0,N,N,NA
M,65+,1,Independent,0,0,N,N,NA
M,35-44,3,Democrat,0,0,N,N,NA
F,25-34,2,Other,0,0,N,N,NA
F,65+,1,Democrat,0,0,N,N,NA
F,65+,1,Independent,0,0,Y,N,NA
M,25-34,2,Democrat,1,18,N,N,NA
F,25-34,1,Independent,0,0,N,N,NA
F,18-24,1,Other,0,0,N,N,NA
F,25-34,3,Democrat,0,0,N,N,NA
F,65+,3,Democrat,0,0,N,Y,Email
F,65+,1,Democrat,0,0,N,N,NA
F,35-44,1,Independent,0,0,N,Y,Email
F,65+,1,Democrat,0,0,N,N,NA
M,18-24,2,Independent,0,0,N,N,NA
F,65+,3,Other,0,0,N,N,NA
M,18-24,1,Democrat,0,0,N,N,NA
M,65+,3,Democrat,0,0,N,N,NA
M,65+,1,Independent,0,0,N,N,NA
F,65+,2,Democrat,0,0,N,N,NA
F,45-54,3,Democrat,0,0,N,N,NA
M,65+,2,Democrat,0,0,N,N,NA
F,18-24,2,Democrat,0,0,N,N,NA
M,25-34,2,Democrat,0,0,N,N,NA
M,55-64,2,Democrat,0,0,N,N,NA
M,65+,3,Democrat,0,0,N,N,NA
F,18-24,2,Democrat,0,0,N,N,NA
F,55-64,1,Democrat,0,0,N,N,NA
M,45-54,2,Democrat,0,0,N,N,NA
M,25-34,2,Independent,0,0,N,N,NA
F,18-24,2,Democrat,0,0,N,N,NA
M,18-24,2,Democrat,0,0,N,N,NA
M,65+,3,Democrat,0,0,N,N,NA
M,65+,3,Democrat,0,0,N,N,NA
M,25-34,2,Democrat,0,0,N,N,NA
F,25-34,1,Independent,0,0,N,N,NA
F,45-54,2,Independent,0,0,N,N,NA
F,55-64,3,Other,0,0,N,N,NA
F,65+,3,Democrat,0,0,N,N,NA
M,25-34,3,Democrat,0,0,N,N,NA
F,18-24,2,Democrat,0,0,N,N,NA
F,18-24,1,Democrat,0,0,N,N,NA
F,65+,1,Democrat,0,0,N,N,NA
F,55-64,1,Democrat,0,0,N,N,NA
F,65+,1,Independent,0,0,N,N,NA
F,35-44,1,Democrat,0,0,N,N,NA
F,35-44,3,Democrat,0,0,N,N,NA
F,65+,2,Democrat,0,0,N,N,NA
F,18-24,2,Democrat,0,0,N,N,NA
M,65+,1,Democrat,0,0,N,N,NA
M,25-34,3,Democrat,0,0,N,N,NA
M,65+,3,Independent,0,0,N,N,NA
F,65+,1,Democrat,0,0,N,Y,Email
M,65+,2,Independent,0,0,N,Y,Twitter
M,65+,3,Other,0,0,N,Y,Email
F,18-24,3,Independent,0,0,N,N,NA
M,18-24,1,Democrat,0,0,N,N,NA
F,65+,2,Democrat,0,0,N,Y,Email
F,65+,2,Democrat,1,20,N,N,NA
F,55-64,1,Democrat,0,0,N,N,NA
F,25-34,2,Democrat,0,0,N,N,NA
M,65+,3,Democrat,0,0,N,N,NA
F,18-24,3,Democrat,0,0,Y,N,NA
M,25-34,3,Democrat,0,0,N,N,NA
M,65+,1,Independent,0,0,N,N,NA
M,35-44,3,Democrat,1,34,N,N,NA
M,18-24,3,Independent,0,0,N,Y,Email
M,25-34,1,Democrat,0,0,N,N,NA
F,55-64,2,Democrat,0,0,N,N,NA
M,18-24,3,Democrat,0,0,N,N,NA
M,65+,1,Democrat,0,0,N,N,NA
M,65+,1,Democrat,0,0,N,N,NA
M,35-44,1,Democrat,0,0,N,N,NA
F,18-24,3,Democrat,0,0,N,N,NA
F,25-34,1,Independent,0,0,N,N,NA
M,55-64,1,Democrat,0,0,N,N,NA
F,18-24,2,Democrat,0,0,N,N,NA
M,25-34,3,Democrat,0,0,N,N,NA
F,18-24,1,Independent,0,0,N,N,NA
F,45-54,1,Independent,0,0,N,N,NA
M,35-44,1,Democrat,0,0,N,Y,Twitter
F,55-64,1,Democrat,0,0,N,N,NA
M,45-54,1,Independent,0,0,N,N,NA
F,25-34,3,Democrat,0,0,N,N,NA
F,25-34,1,Democrat,0,0,N,N,NA
M,65+,1,Other,0,0,N,N,NA
M,25-34,1,Democrat,0,0,N,N,NA
M,65+,1,Other,0,0,N,N,NA
F,18-24,1,Democrat,0,0,N,N,NA
M,45-54,1,Democrat,0,0,N,N,NA
M,65+,2,Democrat,0,0,N,N,NA
M,45-54,3,Democrat,0,0,N,N,NA
M,35-44,1,Democrat,0,0,N,N,NA
M,65+,1,Democrat,0,0,N,N,NA
F,65+,1,Independent,0,0,N,N,NA
F,35-44,3,Democrat,0,0,N,N,NA
M,25-34,2,Democrat,0,0,N,N,NA
M,65+,1,Democrat,1,23,N,Y,Email
F,55-64,2,Democrat,0,0,N,N,NA
M,35-44,3,Democrat,0,0,N,N,NA
M,25-34,1,Democrat,0,0,N,N,NA
M,65+,1,Democrat,0,0,N,N,NA
M,55-64,2,Democrat,0,0,N,N,NA
M,65+,3,Democrat,0,0,N,N,NA
M,65+,2,Democrat,0,0,N,N,NA
F,25-34,1,Democrat,0,0,N,N,NA
F,65+,3,Democrat,0,0,N,N,NA
M,65+,1,Democrat,0,0,N,N,NA
F,18-24,3,Democrat,0,0,N,N,NA
M,65+,2,Democrat,0,0,N,N,NA
F,65+,1,Independent,0,0,N,N,NA
F,35-44,2,Independent,0,0,N,N,NA
F,55-64,1,Democrat,0,0,N,N,NA
M,55-64,2,Democrat,0,0,N,N,NA
M,25-34,3,Democrat,0,0,N,N,NA
M,55-64,2,Democrat,0,0,N,N,NA
M,18-24,3,Democrat,0,0,N,N,NA
M,25-34,3,Other,0,0,N,N,NA
M,45-54,2,Other,0,0,N,N,NA
F,65+,2,Democrat,0,0,N,N,NA
M,65+,2,Democrat,0,0,N,N,NA
M,65+,2,Other,0,0,N,N,NA
M,35-44,3,Democrat,0,0,N,N,NA
M,65+,2,Democrat,0,0,N,N,NA
M,35-44,3,Democrat,0,0,N,N,NA
M,25-34,2,Democrat,0,0,Y,N,NA
M,65+,2,Democrat,0,0,N,N,NA
M,65+,3,Democrat,0,0,N,N,NA
M,65+,1,Other,0,0,N,N,NA
M,18-24,1,Democrat,0,0,N,N,NA
F,25-34,2,Independent,0,0,N,N,NA
M,25-34,3,Democrat,0,0,N,N,NA
F,18-24,2,Democrat,0,0,N,N,NA
M,35-44,1,Independent,0,0,N,N,NA
M,45-54,2,Democrat,0,0,N,N,NA
F,25-34,2,Independent,0,0,N,N,NA
F,35-44,1,Democrat,0,0,N,N,NA
M,45-54,1,Democrat,0,0,N,N,NA
M,18-24,2,Independent,1,28,N,N,NA
F,65+,2,Democrat,1,14,N,N,NA
F,65+,1,Democrat,0,0,N,N,NA
M,45-54,3,Democrat,0,0,N,N,NA
F,18-24,1,Democrat,0,0,N,N,NA
M,18-24,1,Democrat,0,0,N,N,NA
F,65+,2,Independent,0,0,N,N,NA
F,35-44,3,Democrat,0,0,N,N,NA
M,25-34,1,Democrat,0,0,N,N,NA
F,65+,2,Independent,0,0,N,N,NA
M,35-44,1,Democrat,0,0,N,N,NA
M,45-54,3,Democrat,1,43,N,N,NA
M,25-34,1,Democrat,0,0,N,N,NA
F,25-34,2,Democrat,0,0,N,N,NA
F,65+,1,Democrat,0,0,N,N,NA
F,25-34,1,Democrat,0,0,N,N,NA
M,18-24,3,Democrat,1,43,N,N,NA
F,25-34,3,Democrat,0,0,N,N,NA
F,65+,2,Democrat,0,0,N,N,NA
F,65+,2,Democrat,0,0,N,N,NA
M,65+,3,Democrat,0,0,N,N,NA
F,55-64,3,Independent,0,0,N,N,NA
M,65+,2,Democrat,0,0,N,N,NA
M,25-34,2,Democrat,1,21,N,N,NA
M,18-24,1,Democrat,0,0,N,N,NA
M,65+,3,Democrat,0,0,N,N,NA
F,25-34,3,Democrat,0,0,N,N,NA
F,35-44,2,Democrat,0,0,N,N,NA
M,25-34,3,Democrat,0,0,N,N,NA
F,55-64,1,Democrat,0,0,N,N,NA
M,25-34,2,Democrat,0,0,N,N,NA
F,65+,3,Democrat,0,0,N,N,NA
M,18-24,3,Democrat,0,0,N,N,NA
M,25-34,2,Democrat,0,0,N,N,NA
F,18-24,3,Democrat,0,0,N,N,NA
M,18-24,1,Independent,0,0,N,N,NA
M,65+,2,Other,0,0,N,N,NA
F,65+,2,Democrat,0,0,N,N,NA
F,25-34,1,Democrat,0,0,N,N,NA
F,65+,2,Other,0,0,N,N,NA
M,18-24,1,Democrat,0,0,N,N,NA
F,65+,1,Democrat,1,24,N,N,NA
M,25-34,1,Other,0,0,N,N,NA
M,35-44,2,Democrat,0,0,N,N,NA
M,18-24,3,Democrat,0,0,Y,N,NA
M,18-24,2,Democrat,0,0,N,N,NA
M,65+,3,Democrat,0,0,N,N,NA
F,25-34,3,Democrat,0,0,N,N,NA
M,65+,2,Independent,0,0,N,N,NA
F,65+,3,Democrat,0,0,N,N,NA
F,35-44,2,Independent,0,0,N,N,NA
M,18-24,2,Democrat,0,0,N,N,NA
M,35-44,3,Democrat,0,0,N,N,NA
F,18-24,2,Democrat,0,0,N,N,NA
M,65+,1,Democrat,0,0,N,N,NA
F,65+,3,Democrat,0,0,N,N,NA
M,65+,1,Democrat,1,20,N,N,NA
M,25-34,2,Other,0,0,N,N,NA
F,65+,3,Democrat,0,0,N,N,NA
F,65+,1,Other,0,0,N,N,NA
M,55-64,1,Democrat,0,0,N,N,NA
F,25-34,1,Democrat,0,0,N,N,NA
F,65+,1,Democrat,0,0,N,Y,Twitter
F,35-44,2,Democrat,0,0,N,N,NA
F,18-24,2,Democrat,0,0,N,N,NA
F,25-34,1,Democrat,0,0,N,N,NA
F,55-64,3,Independent,0,0,N,N,NA
F,18-24,2,Democrat,0,0,N,N,NA
F,65+,2,Democrat,0,0,N,N,NA
F,25-34,1,Democrat,0,0,N,N,NA
M,45-54,3,Democrat,0,0,N,N,NA
M,25-34,3,Democrat,0,0,N,N,NA
F,18-24,3,Other,0,0,N,N,NA
M,65+,1,Democrat,0,0,N,Y,Email
M,65+,3,Democrat,0,0,N,N,NA
M,25-34,3,Independent,0,0,N,N,NA
F,18-24,3,Democrat,0,0,N,N,NA
M,45-54,1,Independent,0,0,N,N,NA
M,45-54,3,Other,0,0,N,Y,Email
F,25-34,1,Democrat,0,0,N,N,NA
F,65+,2,Independent,0,0,N,N,NA
F,45-54,3,Democrat,1,26,N,N,NA
M,18-24,2,Democrat,0,0,N,N,NA
M,18-24,2,Other,0,0,N,N,NA
F,45-54,2,Democrat,0,0,N,N,NA
M,65+,1,Independent,0,0,N,N,NA
F,65+,3,Democrat,0,0,N,N,NA
M,65+,3,Democrat,0,0,N,N,NA
F,65+,2,Democrat,0,0,N,N,NA
F,35-44,1,Independent,0,0,N,N,NA
F,18-24,3,Democrat,0,0,N,N,NA
F,25-34,1,Independent,0,0,N,N,NA
M,65+,3,Democrat,0,0,N,N,NA
F,65+,1,Other,0,0,N,N,NA
M,65+,1,Democrat,0,0,N,N,NA
F,65+,3,Democrat,0,0,N,N,NA
F,65+,2,Independent,0,0,N,N,NA
F,45-54,1,Democrat,0,0,N,N,NA
F,65+,3,Democrat,0,0,N,N,NA
M,55-64,3,Democrat,0,0,N,N,NA
M,65+,2,Democrat,0,0,N,N,NA
F,65+,2,Democrat,0,0,N,N,NA
F,18-24,1,Democrat,0,0,N,N,NA
F,35-44,3,Democrat,0,0,N,Y,Email
M,65+,3,Democrat,0,0,N,N,NA
F,18-24,1,Other,0,0,N,N,NA
M,65+,1,Democrat,0,0,N,N,NA
M,35-44,1,Democrat,0,0,N,N,NA
M,65+,3,Independent,0,0,N,N,NA
M,25-34,3,Democrat,0,0,N,N,NA
F,18-24,2,Democrat,0,0,N,N,NA
F,18-24,2,Democrat,0,0,N,N,NA
F,35-44,2,Other,0,0,N,N,NA
F,65+,2,Democrat,0,0,N,Y,Twitter
M,18-24,2,Other,0,0,N,N,NA
M,65+,1,Independent,0,0,N,N,NA
M,35-44,1,Independent,0,0,N,N,NA
F,18-24,1,Independent,1,15,N,N,NA
M,55-64,3,Other,0,0,N,N,NA
M,65+,3,Democrat,0,0,N,N,NA
M,35-44,1,Other,0,0,N,N,NA
M,55-64,3,Democrat,0,0,N,N,NA
F,65+,1,Democrat,0,0,N,N,NA
M,35-44,2,Democrat,0,0,N,N,NA
M,35-44,2,Democrat,0,0,N,N,NA
M,25-34,3,Independent,0,0,N,Y,Twitter
F,18-24,3,Independent,0,0,N,N,NA
M,18-24,1,Democrat,0,0,N,N,NA
F,55-64,3,Democrat,0,0,N,N,NA
M,35-44,3,Democrat,0,0,N,N,NA
M,65+,3,Democrat,0,0,N,N,NA
M,18-24,1,Democrat,0,0,N,Y,Twitter
M,65+,3,Democrat,0,0,N,N,NA
F,65+,1,Democrat,0,0,N,N,NA
F,18-24,1,Democrat,0,0,N,N,NA
M,18-24,2,Other,0,0,N,N,NA
F,65+,2,Democrat,0,0,N,N,NA
M,35-44,1,Other,0,0,N,N,NA
M,55-64,3,Independent,0,0,N,N,NA
M,18-24,2,Democrat,0,0,N,N,NA
F,55-64,2,Democrat,0,0,N,N,NA
F,18-24,3,Independent,0,0,N,N,NA
M,65+,1,Democrat,1,23,N,N,NA
F,18-24,2,Other,0,0,N,N,NA
M,65+,1,Democrat,0,0,N,N,NA
M,65+,1,Democrat,0,0,N,N,NA
F,35-44,1,Democrat,0,0,N,N,NA
F,25-34,2,Democrat,0,0,N,N,NA
F,55-64,3,Democrat,0,0,N,N,NA
M,65+,3,Democrat,0,0,N,N,NA
M,65+,2,Democrat,0,0,N,N,NA
F,55-64,1,Democrat,0,0,N,N,NA
M,65+,3,Democrat,0,0,N,N,NA
F,55-64,2,Democrat,0,0,N,N,NA
F,65+,1,Democrat,0,0,N,N,NA
M,65+,3,Democrat,0,0,N,Y,Twitter
M,25-34,2,Independent,0,0,N,N,NA
M,25-34,1,Democrat,0,0,N,N,NA
M,65+,1,Democrat,0,0,N,N,NA
F,25-34,1,Independent,0,0,N,N,NA
F,25-34,3,Democrat,0,0,N,N,NA
F,65+,3,Democrat,0,0,N,N,NA
M,18-24,3,Other,0,0,N,N,NA
F,35-44,1,Democrat,0,0,N,N,NA
F,65+,1,Democrat,1,28,N,N,NA
F,25-34,2,Democrat,0,0,N,Y,Email
M,18-24,3,Democrat,0,0,N,N,NA
F,45-54,3,Other,0,0,N,N,NA
F,55-64,2,Democrat,0,0,N,N,NA
M,65+,2,Democrat,0,0,N,N,NA
M,18-24,2,Democrat,0,0,N,N,NA
F,18-24,2,Democrat,0,0,N,N,NA
F,18-24,3,Democrat,0,0,N,N,NA
M,65+,1,Democrat,0,0,N,N,NA
F,55-64,1,Democrat,0,0,N,N,NA
M,25-34,3,Democrat,0,0,N,N,NA
F,18-24,1,Democrat,0,0,N,N,NA
M,65+,3,Democrat,0,0,N,N,NA
F,25-34,3,Democrat,0,0,N,N,NA
F,35-44,1,Democrat,0,0,N,N,NA
M,65+,1,Other,0,0,N,N,NA
M,65+,2,Democrat,0,0,N,N,NA
F,55-64,2,Democrat,0,0,N,N,NA
F,25-34,1,Democrat,0,0,N,N,NA
M,65+,2,Independent,0,0,N,N,NA
M,45-54,2,Democrat,1,24,N,N,NA
F,65+,1,Other,0,0,N,N,NA
F,65+,1,Independent,0,0,N,N,NA
M,35-44,1,Democrat,0,0,N,N,NA
F,55-64,3,Democrat,0,0,N,N,NA
M,25-34,3,Independent,0,0,N,N,NA
M,18-24,1,Independent,0,0,N,N,NA
F,55-64,1,Independent,0,0,N,N,NA
M,35-44,2,Democrat,0,0,N,N,NA
F,25-34,1,Independent,0,0,N,N,NA
M,25-34,2,Democrat,0,0,N,Y,Email
M,18-24,3,Democrat,0,0,N,N,NA
F,35-44,2,Democrat,0,0,N,N,NA
F,25-34,1,Independent,0,0,N,N,NA
M,65+,2,Democrat,0,0,N,N,NA
F,65+,3,Independent,0,0,N,N,NA
F,45-54,1,Independent,0,0,N,N,NA
F,25-34,1,Independent,0,0,N,N,NA
M,55-64,2,Democrat,0,0,N,N,NA
M,55-64,1,Independent,0,0,N,Y,Email
M,65+,2,Democrat,0,0,N,N,NA
M,65+,3,Democrat,0,0,N,N,NA
F,65+,1,Democrat,0,0,N,N,NA
M,18-24,3,Democrat,0,0,N,N,NA
F,45-54,1,Democrat,1,19,Y,N,NA
M,65+,3,Democrat,0,0,N,Y,Email
M,35-44,2,Democrat,0,0,N,N,NA
F,35-44,2,Democrat,0,0,N,N,NA
M,25-34,1,Other,0,0,N,N,NA
F,18-24,2,Democrat,0,0,N,N,NA
F,45-54,1,Democrat,0,0,N,N,NA
F,18-24,3,Democrat,0,0,N,N,NA
M,25-34,2,Democrat,0,0,N,N,NA
F,25-34,2,Democrat,0,0,N,N,NA
M,65+,3,Democrat,1,36,N,N,NA
F,65+,2,Democrat,0,0,N,N,NA
F,45-54,3,Democrat,0,0,N,N,NA
F,65+,1,Democrat,0,0,N,N,NA
F,18-24,3,Democrat,0,0,N,N,NA
F,55-64,1,Democrat,0,0,N,N,NA
M,35-44,2,Democrat,0,0,N,N,NA
F,25-34,3,Democrat,0,0,N,N,NA
M,35-44,3,Democrat,0,0,N,N,NA
F,45-54,2,Democrat,0,0,N,N,NA
M,65+,2,Other,0,0,N,N,NA
F,65+,2,Independent,0,0,N,Y,Twitter
F,55-64,1,Democrat,0,0,N,Y,Email
F,35-44,2,Democrat,1,24,N,N,NA
F,55-64,3,Democrat,0,0,N,N,NA
M,18-24,1,Democrat,0,0,N,N,NA
M,18-24,3,Independent,0,0,N,N,NA
F,18-24,2,Democrat,0,0,N,N,NA
M,55-64,3,Independent,0,0,N,N,NA
F,45-54,2,Democrat,0,0,N,N,NA
F,18-24,1,Democrat,0,0,N,N,NA
F,65+,1,Democrat,1,20,N,N,NA
M,65+,3,Democrat,0,0,N,N,NA
M,65+,1,Independent,0,0,N,Y,Twitter
F,65+,3,Democrat,0,0,N,N,NA
F,65+,2,Democrat,0,0,N,N,NA
M,25-34,3,Democrat,0,0,N,N,NA
M,65+,2,Democrat,0,0,N,N,NA
F,25-34,3,Independent,0,0,N,N,NA
F,18-24,3,Democrat,0,0,N,N,NA
M,18-24,3,Democrat,0,0,N,N,NA
M,35-44,3,Democrat,0,0,N,N,NA
M,35-44,3,Democrat,0,0,N,N,NA
F,18-24,3,Independent,0,0,N,N,NA
M,65+,2,Democrat,0,0,N,N,NA
M,25-34,2,Independent,0,0,N,N,NA
F,18-24,3,Democrat,0,0,N,N,NA
F,18-24,1,Independent,0,0,N,N,NA
F,18-24,2,Other,0,0,N,N,NA
F,65+,2,Other,0,0,N,N,NA
M,18-24,2,Independent,0,0,N,N,NA
M,18-24,3,Independent,0,0,N,N,NA
F,18-24,1,Democrat,0,0,N,N,NA
F,65+,3,Democrat,0,0,N,N,NA
F,25-34,3,Democrat,0,0,N,N,NA
M,55-64,2,Independent,0,0,N,N,NA
F,25-34,1,Independent,0,0,N,N,NA
M,25-34,3,Independent,0,0,N,N,NA
F,65+,1,Independent,0,0,N,N,NA
M,18-24,3,Democrat,0,0,N,N,NA
M,65+,1,Democrat,0,0,N,Y,Twitter
M,25-34,2,Democrat,0,0,N,N,NA
M,65+,2,Democrat,0,0,N,N,NA
M,65+,2,Democrat,0,0,N,Y,Twitter
F,55-64,3,Independent,0,0,N,N,NA
F,65+,2,Independent,0,0,N,N,NA
F,18-24,1,Democrat,0,0,N,N,NA
M,25-34,1,Democrat,0,0,N,N,NA
M,18-24,2,Independent,0,0,N,Y,Email
M,25-34,3,Democrat,0,0,N,N,NA
F,65+,1,Democrat,0,0,N,N,NA
F,55-64,3,Democrat,0,0,N,N,NA
F,25-34,3,Democrat,0,0,N,N,NA
M,65+,1,Other,0,0,N,N,NA
F,18-24,1,Democrat,0,0,N,N,NA
F,35-44,3,Democrat,0,0,N,N,NA
M,18-24,1,Democrat,0,0,N,N,NA
F,45-54,1,Democrat,0,0,N,N,NA
M,65+,1,Democrat,0,0,N,N,NA
F,65+,1,Democrat,0,0,N,N,NA
M,55-64,1,Democrat,0,0,N,N,NA
M,25-34,2,Democrat,0,0,N,N,NA
M,18-24,2,Other,0,0,N,N,NA
M,35-44,2,Democrat,0,0,N,N,NA
M,25-34,2,Independent,0,0,N,Y,Twitter
M,35-44,2,Democrat,1,25,N,Y,Email
F,45-54,3,Democrat,0,0,N,N,NA
M,45-54,2,Democrat,1,19,N,N,NA
M,65+,3,Democrat,0,0,N,N,NA
M,65+,2,Other,0,0,Y,N,NA
M,45-54,2,Democrat,0,0,N,N,NA
M,55-64,2,Independent,0,0,N,N,NA
M,35-44,2,Democrat,0,0,N,N,NA
F,25-34,3,Democrat,0,0,N,N,NA
M,18-24,3,Democrat,0,0,N,N,NA
M,35-44,3,Democrat,0,0,N,N,NA
F,18-24,1,Other,0,0,N,N,NA
F,25-34,2,Democrat,0,0,N,N,NA
F,25-34,1,Other,0,0,N,N,NA
M,18-24,2,Democrat,0,0,N,N,NA
F,25-34,1,Other,0,0,N,N,NA
M,65+,2,Democrat,0,0,N,N,NA
F,35-44,3,Democrat,0,0,N,N,NA
F,45-54,3,Independent,0,0,N,N,NA
F,65+,1,Democrat,0,0,N,N,NA
F,25-34,1,Independent,0,0,N,N,NA
F,55-64,1,Democrat,0,0,N,N,NA
F,18-24,3,Democrat,0,0,N,N,NA
F,35-44,1,Independent,0,0,N,N,NA
M,55-64,2,Democrat,0,0,N,Y,Email
M,18-24,1,Democrat,0,0,N,N,NA
F,18-24,1,Independent,0,0,N,Y,Twitter
F,25-34,3,Democrat,0,0,N,N,NA
M,35-44,3,Democrat,0,0,N,N,NA
M,35-44,3,Independent,0,0,N,N,NA
F,65+,3,Democrat,0,0,N,N,NA
F,25-34,3,Other,0,0,N,N,NA
F,65+,1,Democrat,1,20,N,N,NA
F,18-24,1,Democrat,0,0,N,N,NA
F,65+,1,Democrat,1,27,N,N,NA
F,65+,3,Independent,0,0,N,N,NA
M,65+,3,Democrat,1,35,N,N,NA
M,25-34,1,Other,0,0,N,N,NA
F,25-34,2,Democrat,0,0,N,N,NA
M,18-24,2,Democrat,1,29,N,N,NA
M,35-44,2,Democrat,0,0,N,N,NA
F,25-34,3,Democrat,0,0,N,N,NA
F,35-44,3,Democrat,1,40,N,N,NA
M,65+,3,Democrat,0,0,N,N,NA
F,45-54,2,Other,1,22,N,N,NA
M,65+,1,Independent,0,0,N,N,NA
M,18-24,3,Independent,0,0,N,N,NA
F,35-44,3,Other,0,0,N,N,NA
M,55-64,3,Democrat,0,0,N,N,NA
F,25-34,2,Democrat,0,0,N,N,NA
M,18-24,3,Democrat,0,0,N,N,NA
F,25-34,2,Democrat,0,0,N,N,NA
F,18-24,2,Democrat,0,0,N,N,NA
F,55-64,3,Democrat,0,0,N,N,NA
M,65+,3,Independent,0,0,N,N,NA
M,18-24,1,Democrat,0,0,N,N,NA
F,55-64,1,Democrat,0,0,N,N,NA
F,65+,3,Democrat,0,0,N,N,NA
F,55-64,1,Democrat,0,0,Y,N,NA
F,18-24,2,Democrat,0,0,N,N,NA
F,25-34,3,Democrat,0,0,N,N,NA
F,25-34,3,Democrat,0,0,N,N,NA
M,45-54,3,Democrat,0,0,N,N,NA
M,65+,1,Democrat,0,0,N,N,NA
M,65+,2,Independent,0,0,N,N,NA
F,65+,2,Democrat,0,0,N,N,NA
M,45-54,3,Democrat,0,0,N,N,NA
M,45-54,1,Democrat,0,0,N,N,NA
M,35-44,3,Independent,0,0,N,N,NA
F,18-24,2,Democrat,0,0,N,N,NA
F,65+,1,Democrat,0,0,N,Y,Email
F,45-54,1,Democrat,0,0,N,N,NA
F,25-34,1,Democrat,0,0,N,N,NA
M,25-34,1,Other,0,0,Y,N,NA
M,18-24,2,Independent,0,0,N,N,NA
F,25-34,1,Independent,0,0,N,N,NA
F,65+,2,Independent,0,0,N,N,NA
M,65+,2,Democrat,0,0,N,Y,Twitter
F,25-34,2,Democrat,0,0,N,N,NA
M,65+,2,Democrat,0,0,N,Y,Email
F,65+,1,Democrat,0,0,N,Y,Twitter
M,18-24,3,Democrat,0,0,N,N,NA
F,65+,1,Independent,0,0,N,N,NA
M,65+,1,Democrat,1,13,N,N,NA
M,65+,3,Democrat,0,0,N,N,NA
F,65+,1,Independent,0,0,N,N,NA
F,65+,3,Independent,0,0,N,N,NA
M,35-44,2,Democrat,0,0,N,N,NA
F,18-24,1,Democrat,0,0,N,N,NA
M,35-44,3,Democrat,0,0,N,N,NA
F,35-44,1,Democrat,0,0,N,Y,Email
F,65+,2,Other,0,0,N,N,NA
M,18-24,1,Other,0,0,N,N,NA
M,18-24,1,Independent,0,0,N,N,NA
F,65+,1,Democrat,0,0,N,N,NA
F,55-64,3,Democrat,0,0,Y,N,NA
F,35-44,1,Democrat,0,0,N,N,NA
F,45-54,2,Democrat,0,0,N,N,NA
M,18-24,1,Democrat,0,0,N,N,NA
M,25-34,1,Democrat,0,0,N,N,NA
F,18-24,3,Independent,0,0,N,N,NA
F,65+,2,Democrat,0,0,N,N,NA
M,25-34,1,Independent,0,0,N,N,NA
F,25-34,2,Democrat,0,0,N,N,NA
F,25-34,3,Democrat,0,0,N,N,NA
M,45-54,1,Independent,0,0,N,N,NA
F,65+,3,Independent,0,0,N,N,NA
F,25-34,1,Independent,0,0,N,N,NA
M,65+,2,Democrat,0,0,N,N,NA
M,35-44,3,Democrat,0,0,N,N,NA
M,35-44,1,Independent,0,0,N,N,NA
F,55-64,1,Independent,0,0,N,N,NA
F,65+,3,Democrat,0,0,N,N,NA
M,18-24,2,Independent,0,0,N,N,NA
F,35-44,3,Democrat,0,0,N,N,NA
M,18-24,2,Democrat,0,0,N,N,NA
M,25-34,1,Democrat,0,0,N,Y,Twitter
F,65+,3,Other,0,0,N,N,NA
F,45-54,2,Independent,0,0,N,N,NA
F,25-34,2,Democrat,0,0,N,N,NA
M,18-24,3,Democrat,0,0,N,N,NA
F,65+,1,Other,0,0,N,N,NA
F,45-54,2,Democrat,0,0,N,N,NA
M,65+,3,Democrat,0,0,N,N,NA
M,18-24,3,Independent,0,0,N,N,NA
M,55-64,2,Democrat,0,0,N,N,NA
M,25-34,3,Democrat,0,0,N,N,NA
M,45-54,3,Independent,0,0,N,N,NA
F,65+,1,Democrat,0,0,N,N,NA
F,65+,2,Democrat,0,0,N,N,NA
M,35-44,2,Democrat,0,0,N,N,NA
F,18-24,3,Democrat,0,0,N,N,NA
M,18-24,1,Democrat,0,0,N,N,NA
M,18-24,1,Democrat,0,0,N,N,NA
F,25-34,1,Democrat,0,0,N,Y,Twitter
F,65+,2,Independent,1,20,N,N,NA
F,35-44,3,Independent,0,0,N,N,NA
F,35-44,3,Other,0,0,N,N,NA
M,65+,1,Democrat,0,0,Y,N,NA
M,25-34,1,Democrat,0,0,N,Y,Email
M,65+,2,Democrat,0,0,N,N,NA
F,25-34,2,Democrat,0,0,N,N,NA
M,65+,2,Democrat,1,20,N,N,NA
F,18-24,2,Independent,0,0,N,N,NA
F,18-24,3,Democrat,0,0,N,N,NA
M,25-34,1,Democrat,0,0,N,N,NA
M,45-54,2,Independent,0,0,N,N,NA
F,55-64,1,Democrat,0,0,N,N,NA
M,25-34,1,Other,0,0,N,N,NA
M,55-64,2,Democrat,0,0,N,N,NA
M,18-24,3,Democrat,0,0,N,N,NA
M,25-34,3,Democrat,0,0,N,N,NA
F,65+,2,Democrat,1,10,N,N,NA
M,35-44,3,Independent,0,0,N,N,NA
M,18-24,1,Democrat,0,0,N,N,NA
F,35-44,3,Independent,0,0,N,N,NA
F,45-54,1,Democrat,0,0,N,N,NA
F,18-24,1,Democrat,0,0,N,N,NA
F,35-44,2,Democrat,0,0,N,N,NA
M,25-34,3,Independent,0,0,N,N,NA
M,18-24,1,Independent,0,0,N,N,NA
F,35-44,3,Democrat,0,0,N,N,NA
M,18-24,1,Democrat,0,0,N,N,NA
F,65+,2,Independent,0,0,N,N,NA
M,18-24,2,Democrat,0,0,N,N,NA
F,35-44,1,Democrat,0,0,N,N,NA
M,55-64,3,Democrat,0,0,N,N,NA
M,65+,1,Independent,0,0,N,N,NA
M,18-24,3,Democrat,0,0,N,N,NA
M,65+,3,Independent,0,0,N,Y,Email
M,18-24,1,Independent,0,0,N,N,NA
F,45-54,1,Independent,0,0,N,N,NA
F,65+,1,Democrat,0,0,N,N,NA
M,25-34,2,Democrat,0,0,N,N,NA
F,25-34,3,Democrat,0,0,N,N,NA
M,18-24,2,Democrat,0,0,N,N,NA
M,18-24,1,Other,0,0,N,Y,Twitter
F,18-24,1,Democrat,0,0,N,N,NA
F,18-24,1,Democrat,0,0,N,N,NA
F,18-24,2,Independent,0,0,N,N,NA
F,45-54,1,Democrat,0,0,Y,N,NA
M,65+,2,Independent,0,0,N,Y,Email
F,65+,2,Other,0,0,N,N,NA
M,55-64,3,Democrat,0,0,N,N,NA
F,18-24,1,Democrat,0,0,N,N,NA
M,65+,1,Other,0,0,N,N,NA
F,45-54,2,Democrat,0,0,N,N,NA
M,65+,3,Democrat,0,0,N,N,NA
F,55-64,2,Democrat,0,0,N,N,NA
M,35-44,2,Democrat,0,0,N,N,NA
M,65+,2,Democrat,0,0,N,N,NA
F,65+,1,Democrat,0,0,N,N,NA
M,65+,3,Independent,0,0,N,N,NA
F,18-24,2,Democrat,0,0,N,N,NA
M,35-44,3,Democrat,0,0,N,N,NA
M,18-24,3,Other,0,0,N,N,NA
M,65+,3,Democrat,0,0,N,N,NA
M,65+,3,Democrat,0,0,N,N,NA
M,18-24,1,Independent,1,26,N,N,NA
F,65+,3,Democrat,0,0,N,N,NA
F,25-34,3,Democrat,0,0,N,N,NA
F,65+,3,Democrat,0,0,N,N,NA
F,65+,1,Democrat,0,0,N,N,NA
F,35-44,2,Other,0,0,N,N,NA
F,65+,3,Democrat,0,0,N,N,NA
F,25-34,2,Democrat,0,0,N,N,NA
F,65+,1,Democrat,0,0,N,N,NA
M,65+,2,Other,0,0,N,N,NA
F,45-54,1,Independent,0,0,N,N,NA
M,18-24,3,Democrat,0,0,N,Y,Twitter
M,35-44,2,Independent,0,0,N,N,NA
M,18-24,3,Democrat,0,0,N,N,NA
M,45-54,1,Democrat,0,0,N,N,NA
M,18-24,1,Democrat,0,0,N,N,NA
M,55-64,3,Independent,0,0,N,N,NA
F,18-24,3,Democrat,0,0,N,N,NA
M,35-44,2,Democrat,0,0,N,N,NA
F,18-24,1,Democrat,0,0,N,N,NA
M,65+,3,Democrat,0,0,N,Y,Twitter
M,65+,2,Democrat,0,0,N,N,NA
F,25-34,2,Democrat,0,0,N,N,NA
F,45-54,3,Democrat,0,0,N,N,NA
F,65+,2,Democrat,1,17,N,N,NA
M,18-24,1,Democrat,1,18,N,N,NA
M,65+,2,Democrat,0,0,N,N,NA
F,65+,2,Independent,0,0,N,N,NA
F,35-44,1,Democrat,0,0,N,N,NA
M,55-64,3,Democrat,0,0,N,N,NA
F,65+,2,Independent,0,0,N,N,NA
F,25-34,1,Independent,0,0,N,N,NA
M,25-34,2,Democrat,0,0,N,N,NA
F,35-44,2,Independent,1,24,N,N,NA
M,65+,3,Democrat,0,0,N,N,NA
M,35-44,1,Democrat,0,0,N,N,NA
F,18-24,1,Democrat,0,0,N,N,NA
F,65+,3,Democrat,0,0,N,N,NA
F,18-24,2,Other,0,0,N,N,NA
F,35-44,2,Independent,0,0,N,N,NA
M,18-24,2,Democrat,0,0,N,N,NA
F,18-24,3,Independent,0,0,N,N,NA
F,35-44,1,Democrat,0,0,N,N,NA
M,35-44,3,Other,0,0,N,N,NA
M,65+,3,Independent,0,0,N,N,NA
F,25-34,1,Democrat,1,16,N,Y,Email
F,45-54,2,Democrat,0,0,N,N,NA
M,65+,2,Democrat,0,0,N,N,NA
F,25-34,2,Independent,0,0,N,N,NA
M,25-34,2,Democrat,0,0,N,N,NA
F,65+,2,Democrat,0,0,N,N,NA
F,55-64,1,Other,0,0,N,N,NA
F,45-54,2,Democrat,0,0,N,N,NA
M,65+,1,Independent,0,0,N,N,NA
F,65+,2,Other,0,0,N,N,NA
M,25-34,1,Democrat,0,0,N,N,NA
M,55-64,2,Democrat,0,0,N,N,NA
M,18-24,3,Independent,0,0,N,N,NA
F,35-44,2,Democrat,0,0,N,N,NA
F,65+,2,Democrat,0,0,N,N,NA
F,65+,1,Democrat,0,0,N,N,NA
M,65+,3,Other,0,0,N,Y,Email
M,65+,2,Democrat,0,0,N,N,NA
M,45-54,3,Democrat,0,0,N,Y,Email
M,25-34,1,Other,0,0,Y,N,NA
M,55-64,3,Democrat,0,0,N,Y,Twitter
M,65+,2,Democrat,0,0,N,N,NA
F,55-64,1,Independent,0,0,N,Y,Email
F,18-24,3,Democrat,0,0,N,N,NA
F,65+,2,Democrat,0,0,N,N,NA
F,65+,1,Other,0,0,N,N,NA
M,25-34,3,Democrat,0,0,N,N,NA
F,35-44,2,Democrat,0,0,N,N,NA
F,45-54,1,Democrat,0,0,N,N,NA
M,65+,1,Democrat,0,0,N,N,NA
F,25-34,2,Democrat,0,0,N,N,NA
F,45-54,1,Democrat,0,0,N,N,NA
F,45-54,1,Democrat,0,0,N,N,NA
M,25-34,1,Other,1,16,N,N,NA
M,35-44,1,Other,0,0,N,N,NA
M,45-54,3,Independent,0,0,N,N,NA
F,65+,3,Other,0,0,N,N,NA
M,65+,3,Democrat,0,0,N,N,NA
M,45-54,3,Democrat,0,0,N,N,NA
M,18-24,1,Democrat,0,0,N,N,NA
M,65+,1,Democrat,0,0,N,N,NA
M,55-64,2,Democrat,0,0,N,N,NA
F,55-64,2,Democrat,0,0,N,N,NA
F,25-34,3,Independent,0,0,N,N,NA
F,65+,2,Democrat,0,0,Y,N,NA
M,25-34,1,Democrat,0,0,N,Y,Email
M,65+,3,Independent,0,0,N,N,NA
M,55-64,3,Democrat,0,0,N,N,NA
F,65+,1,Other,0,0,N,N,NA
F,18-24,3,Democrat,0,0,N,N,NA
M,18-24,3,Democrat,0,0,N,N,NA
M,45-54,3,Other,0,0,N,N,NA
F,55-64,3,Independent,0,0,N,N,NA
M,18-24,2,Democrat,0,0,N,N,NA
M,45-54,1,Democrat,0,0,N,N,NA
M,25-34,1,Democrat,0,0,N,N,NA
M,18-24,2,Independent,0,0,N,N,NA
M,18-24,1,Democrat,0,0,N,N,NA
F,65+,1,Democrat,0,0,N,N,NA
M,25-34,1,Democrat,0,0,N,N,NA
F,65+,3,Democrat,1,44,N,N,NA
F,25-34,1,Independent,0,0,N,N,NA
M,25-34,3,Democrat,0,0,N,N,NA
F,65+,2,Democrat,0,0,N,N,NA
F,65+,2,Democrat,0,0,N,N,NA
F,65+,2,Democrat,0,0,N,N,NA
M,55-64,3,Democrat,0,0,N,N,NA
M,45-54,1,Democrat,0,0,N,N,NA
F,65+,3,Independent,0,0,N,N,NA
M,25-34,3,Independent,0,0,N,N,NA
M,55-64,2,Democrat,0,0,N,N,NA
F,18-24,1,Independent,0,0,N,N,NA
M,65+,3,Other,0,0,N,N,NA
F,25-34,3,Democrat,0,0,N,N,NA
F,18-24,2,Democrat,0,0,N,N,NA
M,18-24,3,Independent,0,0,N,N,NA
M,35-44,2,Independent,0,0,N,Y,Email
M,45-54,3,Democrat,0,0,N,N,NA
M,55-64,2,Other,0,0,N,N,NA
M,55-64,2,Democrat,0,0,N,N,NA
F,25-34,3,Independent,0,0,N,N,NA
F,55-64,3,Democrat,0,0,N,Y,Email
M,45-54,1,Democrat,0,0,N,N,NA
F,55-64,3,Democrat,0,0,N,N,NA
F,65+,1,Democrat,0,0,N,N,NA
F,45-54,3,Democrat,0,0,N,N,NA
F,18-24,3,Democrat,0,0,N,N,NA
F,35-44,3,Democrat,0,0,N,N,NA
M,65+,3,Democrat,1,40,N,N,NA
F,45-54,3,Democrat,0,0,N,N,NA
F,25-34,2,Democrat,0,0,N,N,NA
F,18-24,2,Democrat,0,0,N,N,NA
M,25-34,3,Independent,0,0,N,N,NA
F,25-34,3,Democrat,0,0,N,N,NA
M,65+,1,Democrat,0,0,N,N,NA
M,45-54,3,Democrat,0,0,N,N,NA
M,65+,1,Other,0,0,N,N,NA
M,25-34,1,Democrat,0,0,N,N,NA
M,18-24,1,Democrat,0,0,N,N,NA
M,25-34,2,Democrat,0,0,N,N,NA
M,25-34,1,Democrat,0,0,N,N,NA
F,35-44,3,Democrat,0,0,N,Y,Twitter
F,65+,2,Democrat,0,0,N,N,NA
M,65+,3,Other,0,0,N,N,NA
F,25-34,1,Independent,0,0,N,N,NA
F,35-44,3,Democrat,0,0,N,N,NA
F,45-54,3,Democrat,1,40,N,N,NA
M,18-24,2,Other,0,0,N,N,NA
F,65+,1,Independent,0,0,N,N,NA
F,25-34,1,Democrat,0,0,Y,N,NA
F,65+,2,Independent,0,0,N,N,NA
M,35-44,3,Independent,0,0,N,N,NA
F,65+,3,Democrat,0,0,N,N,NA
M,35-44,3,Other,0,0,N,N,NA
F,25-34,3,Independent,0,0,N,N,NA
F,25-34,2,Democrat,0,0,N,N,NA
M,25-34,3,Other,0,0,N,N,NA
M,18-24,3,Democrat,0,0,N,N,NA
F,25-34,3,Democrat,0,0,N,Y,Email
F,35-44,3,Democrat,0,0,N,N,NA
F,25-34,1,Democrat,0,0,N,Y,Email
F,25-34,2,Democrat,0,0,N,N,NA
F,25-34,1,Democrat,0,0,N,Y,Twitter
M,25-34,3,Democrat,0,0,N,N,NA
F,65+,1,Democrat,0,0,N,N,NA
F,45-54,3,Democrat,0,0,N,N,NA
M,18-24,3,Democrat,0,0,N,N,NA
F,18-24,1,Democrat,0,0,N,N,NA
F,18-24,2,Democrat,0,0,N,N,NA
M,65+,3,Democrat,0,0,N,N,NA
F,25-34,2,Democrat,0,0,N,N,NA
M,35-44,2,Democrat,0,0,N,N,NA
M,45-54,3,Democrat,0,0,N,Y,Email
M,45-54,1,Democrat,0,0,N,N,NA
F,65+,2,Democrat,0,0,N,Y,Twitter
M,65+,3,Democrat,0,0,N,N,NA
F,65+,1,Democrat,0,0,N,N,NA
M,18-24,2,Democrat,0,0,N,N,NA
M,65+,3,Independent,0,0,N,N,NA
M,65+,3,Democrat,0,0,N,N,NA
F,25-34,1,Democrat,0,0,N,N,NA
M,45-54,3,Democrat,0,0,N,Y,Email
M,18-24,2,Democrat,0,0,N,N,NA
M,65+,1,Democrat,0,0,N,N,NA
M,18-24,2,Independent,0,0,N,N,NA
F,35-44,3,Democrat,0,0,N,N,NA
M,65+,3,Independent,0,0,N,N,NA
F,18-24,2,Democrat,0,0,N,N,NA
F,18-24,2,Democrat,0,0,N,N,NA
F,18-24,1,Other,0,0,N,N,NA
M,18-24,1,Independent,0,0,Y,N,NA
M,18-24,1,Independent,1,23,N,N,NA
F,65+,3,Democrat,0,0,N,N,NA
F,25-34,1,Democrat,0,0,N,Y,Email
M,65+,2,Independent,0,0,N,Y,Email
M,18-24,2,Democrat,1,20,N,N,NA
F,25-34,1,Independent,0,0,N,N,NA
M,18-24,1,Independent,0,0,N,N,NA
F,35-44,2,Democrat,0,0,N,N,NA
F,55-64,1,Democrat,0,0,N,N,NA
F,65+,3,Democrat,0,0,N,N,NA
F,18-24,3,Other,0,0,N,N,NA
M,45-54,3,Other,0,0,N,N,NA
M,25-34,2,Other,0,0,N,N,NA
M,18-24,2,Democrat,0,0,N,N,NA
F,25-34,2,Independent,0,0,N,N,NA
M,25-34,3,Democrat,0,0,N,N,NA
F,25-34,1,Independent,0,0,N,N,NA
F,18-24,2,Democrat,0,0,N,N,NA
M,18-24,1,Other,0,0,N,N,NA
M,65+,3,Democrat,0,0,N,N,NA
M,25-34,2,Democrat,0,0,N,N,NA
M,25-34,2,Democrat,0,0,N,N,NA
M,25-34,1,Democrat,0,0,N,N,NA
F,35-44,1,Democrat,0,0,N,N,NA
M,35-44,2,Democrat,0,0,N,N,NA
M,65+,1,Democrat,0,0,N,Y,Twitter
M,25-34,3,Democrat,0,0,N,N,NA
F,45-54,3,Democrat,0,0,Y,N,NA
M,65+,1,Democrat,0,0,N,Y,Twitter
F,45-54,1,Democrat,0,0,N,N,NA
M,65+,3,Democrat,0,0,N,N,NA
F,45-54,3,Democrat,0,0,N,N,NA
M,18-24,1,Democrat,0,0,N,N,NA
M,35-44,1,Democrat,0,0,N,N,NA
M,35-44,1,Democrat,0,0,N,N,NA
F,65+,2,Democrat,0,0,N,N,NA
F,25-34,2,Democrat,0,0,N,N,NA
M,35-44,1,Independent,0,0,N,Y,Twitter
M,25-34,2,Democrat,0,0,N,N,NA
M,65+,3,Democrat,0,0,N,N,NA
F,18-24,3,Democrat,0,0,N,N,NA
F,65+,3,Democrat,0,0,N,N,NA
F,65+,1,Democrat,0,0,N,Y,Email
F,55-64,3,Democrat,0,0,N,N,NA
F,25-34,3,Democrat,0,0,N,N,NA
F,18-24,3,Democrat,0,0,N,N,NA
M,65+,1,Democrat,0,0,N,N,NA
F,18-24,2,Independent,0,0,N,N,NA
F,18-24,2,Independent,0,0,N,N,NA
M,35-44,2,Democrat,0,0,N,N,NA
M,18-24,1,Democrat,0,0,N,N,NA
M,35-44,1,Democrat,0,0,N,N,NA
M,65+,1,Independent,0,0,N,N,NA
M,45-54,3,Democrat,0,0,N,N,NA
F,18-24,3,Democrat,0,0,N,N,NA
F,55-64,1,Democrat,0,0,N,N,NA
M,65+,3,Democrat,0,0,N,N,NA
F,65+,2,Democrat,0,0,N,N,NA
M,65+,1,Independent,0,0,N,N,NA
M,45-54,2,Democrat,0,0,N,N,NA
M,65+,1,Democrat,0,0,N,N,NA
M,65+,1,Democrat,0,0,N,N,NA
F,65+,1,Democrat,0,0,N,N,NA
F,18-24,3,Democrat,0,0,N,N,NA
F,65+,3,Democrat,0,0,N,N,NA
F,55-64,2,Other,0,0,N,N,NA
M,65+,1,Democrat,1,19,N,N,NA
M,65+,3,Democrat,0,0,N,N,NA
M,25-34,3,Democrat,0,0,N,N,NA
M,18-24,3,Democrat,0,0,N,N,NA
F,45-54,1,Democrat,0,0,N,N,NA
F,65+,2,Other,0,0,N,N,NA
M,25-34,2,Democrat,0,0,N,N,NA
M,35-44,2,Other,0,0,N,N,NA
F,25-34,2,Democrat,0,0,N,N,NA
F,25-34,3,Democrat,0,0,N,N,NA
F,18-24,1,Democrat,1,18,N,N,NA
M,25-34,1,Democrat,1,21,N,N,NA
M,35-44,1,Democrat,0,0,N,N,NA
F,65+,1,Democrat,0,0,N,N,NA
M,45-54,3,Democrat,1,45,N,N,NA
F,18-24,2,Democrat,0,0,N,N,NA
M,25-34,2,Democrat,0,0,N,N,NA
M,25-34,2,Independent,0,0,N,N,NA
F,65+,1,Democrat,0,0,N,N,NA
M,65+,3,Independent,0,0,N,N,NA
M,65+,3,Independent,0,0,N,N,NA
F,25-34,2,Democrat,0,0,N,N,NA
F,55-64,3,Democrat,0,0,N,N,NA
M,65+,3,Other,0,0,N,N,NA
M,65+,2,Independent,0,0,N,N,NA
M,25-34,3,Independent,0,0,N,N,NA
M,18-24,1,Democrat,0,0,N,N,NA
F,35-44,2,Democrat,0,0,N,Y,Email
F,35-44,3,Independent,0,0,Y,N,NA
F,45-54,2,Democrat,0,0,N,N,NA
M,65+,2,Independent,0,0,N,N,NA
F,35-44,2,Democrat,0,0,N,N,NA
F,18-24,2,Democrat,0,0,N,N,NA
F,25-34,1,Democrat,0,0,N,N,NA
F,65+,2,Democrat,0,0,N,N,NA
F,65+,2,Democrat,0,0,N,N,NA
M,65+,2,Democrat,0,0,N,N,NA
M,45-54,1,Democrat,0,0,N,N,NA
F,25-34,2,Democrat,0,0,N,N,NA
F,65+,2,Democrat,0,0,N,N,NA
M,65+,2,Democrat,0,0,N,N,NA
M,18-24,3,Democrat,0,0,N,N,NA
M,25-34,2,Democrat,0,0,N,N,NA
F,45-54,3,Other,0,0,N,N,NA
M,55-64,3,Democrat,0,0,N,N,NA
F,55-64,1,Independent,0,0,N,Y,Email
M,18-24,1,Democrat,0,0,Y,N,NA
F,35-44,2,Other,0,0,N,N,NA
F,65+,3,Democrat,0,0,N,N,NA
F,45-54,1,Democrat,0,0,N,N,NA
F,65+,3,Democrat,0,0,N,N,NA
M,25-34,3,Democrat,0,0,N,N,NA
F,65+,1,Democrat,0,0,N,N,NA
M,18-24,2,Other,0,0,N,N,NA
M,18-24,3,Democrat,0,0,N,N,NA
M,25-34,2,Democrat,0,0,N,N,NA
M,25-34,2,Democrat,0,0,N,Y,Email
F,65+,1,Other,0,0,N,N,NA
M,65+,2,Independent,0,0,N,N,NA
M,65+,1,Democrat,0,0,Y,N,NA
M,45-54,1,Democrat,0,0,N,N,NA
F,18-24,3,Democrat,0,0,N,N,NA
F,25-34,1,Democrat,0,0,N,N,NA
M,55-64,1,Democrat,0,0,N,N,NA
M,65+,3,Democrat,0,0,N,N,NA
F,25-34,3,Democrat,0,0,N,N,NA
M,18-24,2,Democrat,0,0,N,N,NA
F,25-34,2,Democrat,0,0,N,N,NA
F,65+,2,Democrat,0,0,N,N,NA
M,65+,3,Democrat,0,0,N,N,NA
M,25-34,2,Democrat,0,0,N,N,NA
F,65+,1,Other,0,0,N,N,NA
M,65+,1,Other,0,0,N,N,NA
F,18-24,2,Independent,0,0,N,N,NA
M,35-44,1,Democrat,0,0,N,N,NA
F,55-64,2,Democrat,0,0,N,N,NA
F,18-24,3,Democrat,0,0,N,N,NA
F,65+,1,Independent,0,0,N,N,NA
M,65+,3,Independent,0,0,N,Y,Email
F,45-54,2,Democrat,0,0,N,N,NA
M,55-64,1,Democrat,1,18,N,N,NA
F,45-54,3,Democrat,0,0,N,N,NA
F,55-64,1,Democrat,1,23,N,N,NA
M,35-44,1,Democrat,0,0,N,N,NA
M,25-34,1,Democrat,0,0,N,N,NA
F,18-24,2,Independent,0,0,N,N,NA
M,45-54,3,Democrat,0,0,N,N,NA
M,45-54,2,Democrat,0,0,N,N,NA
F,18-24,2,Democrat,0,0,N,N,NA
M,25-34,2,Independent,0,0,N,N,NA
M,18-24,1,Independent,0,0,N,N,NA
M,18-24,1,Democrat,0,0,N,N,NA
F,35-44,1,Democrat,0,0,Y,N,NA
M,65+,3,Independent,0,0,N,N,NA
F,35-44,1,Democrat,0,0,N,N,NA
F,18-24,2,Democrat,0,0,N,Y,Email
F,65+,3,Democrat,0,0,N,N,NA
M,65+,1,Democrat,0,0,N,N,NA
M,65+,2,Independent,0,0,N,N,NA
M,25-34,3,Democrat,1,44,N,N,NA
M,65+,2,Democrat,0,0,N,N,NA
F,35-44,2,Democrat,0,0,N,N,NA
F,35-44,2,Independent,0,0,N,N,NA
F,55-64,1,Democrat,0,0,N,N,NA
F,55-64,3,Democrat,0,0,N,N,NA
M,45-54,1,Independent,0,0,N,N,NA
F,18-24,3,Democrat,0,0,N,N,NA
F,25-34,3,Other,0,0,N,N,NA
M,35-44,3,Democrat,1,33,N,N,NA
M,18-24,1,Democrat,0,0,N,N,NA
F,18-24,2,Democrat,0,0,N,N,NA
F,18-24,3,Democrat,0,0,N,N,NA
F,25-34,3,Other,0,0,N,N,NA
F,25-34,2,Independent,0,0,N,N,NA
F,18-24,3,Democrat,0,0,N,N,NA
F,65+,2,Democrat,0,0,Y,N,NA
F,65+,3,Democrat,0,0,N,N,NA
F,18-24,3,Democrat,0,0,N,N,NA
F,65+,1,Democrat,0,0,N,N,NA
F,65+,1,Independent,0,0,N,N,NA
F,55-64,2,Independent,0,0,N,N,NA
F,18-24,1,Democrat,0,0,N,N,NA
F,18-24,3,Other,0,0,N,N,NA
F,45-54,2,Democrat,0,0,N,N,NA
F,35-44,3,Democrat,0,0,N,N,NA
F,35-44,3,Democrat,0,0,N,N,NA
M,65+,3,Democrat,0,0,N,N,NA
F,55-64,2,Democrat,0,0,N,N,NA
M,55-64,1,Independent,0,0,N,N,NA
M,65+,1,Independent,0,0,N,N,NA
F,65+,1,Democrat,0,0,N,N,NA
M,25-34,2,Independent,0,0,N,N,NA
F,65+,3,Independent,0,0,N,N,NA
M,18-24,1,Democrat,0,0,N,N,NA
M,35-44,2,Democrat,0,0,N,N,NA
M,18-24,2,Democrat,0,0,N,N,NA
M,18-24,2,Democrat,0,0,N,N,NA
F,65+,2,Democrat,0,0,N,N,NA
M,35-44,1,Other,0,0,N,N,NA
F,35-44,2,Other,0,0,N,N,NA
M,65+,3,Democrat,0,0,N,N,NA
F,65+,3,Democrat,0,0,N,Y,Email
M,65+,1,Independent,0,0,N,N,NA
M,25-34,2,Independent,0,0,N,N,NA
M,25-34,3,Democrat,0,0,N,N,NA
M,55-64,3,Democrat,0,0,N,N,NA
F,65+,1,Democrat,0,0,N,N,NA
M,45-54,2,Democrat,0,0,N,N,NA
F,18-24,2,Other,0,0,N,N,NA
F,65+,1,Other,0,0,N,N,NA
F,65+,3,Other,0,0,N,N,NA
F,25-34,3,Democrat,0,0,N,N,NA
F,18-24,1,Democrat,0,0,N,N,NA
M,55-64,3,Democrat,0,0,N,N,NA
M,55-64,2,Democrat,0,0,N,N,NA
F,65+,2,Independent,0,0,N,N,NA
F,18-24,2,Democrat,0,0,N,N,NA
M,18-24,2,Democrat,0,0,N,N,NA
M,65+,2,Democrat,0,0,N,N,NA
M,65+,1,Democrat,0,0,N,N,NA
F,18-24,1,Independent,0,0,N,N,NA
M,35-44,2,Democrat,1,22,N,N,NA
M,18-24,2,Independent,0,0,N,N,NA
M,55-64,1,Independent,0,0,N,N,NA
F,25-34,1,Democrat,0,0,N,N,NA
M,55-64,3,Other,0,0,N,N,NA
M,25-34,1,Democrat,0,0,N,N,NA
M,25-34,2,Independent,0,0,N,N,NA
F,45-54,3,Democrat,0,0,N,N,NA
F,65+,1,Independent,0,0,N,N,NA
F,18-24,1,Democrat,0,0,N,N,NA
F,18-24,3,Democrat,0,0,N,N,NA
M,18-24,2,Democrat,0,0,N,N,NA
M,18-24,2,Other,0,0,N,N,NA
F,65+,3,Democrat,0,0,N,N,NA
M,25-34,1,Democrat,0,0,N,N,NA
F,25-34,1,Democrat,0,0,N,N,NA
M,18-24,1,Democrat,0,0,N,N,NA
M,18-24,2,Democrat,0,0,N,N,NA
F,45-54,1,Democrat,0,0,N,N,NA
M,35-44,3,Democrat,0,0,N,N,NA
M,35-44,1,Democrat,0,0,N,N,NA
M,65+,2,Independent,0,0,N,N,NA
M,18-24,1,Other,0,0,N,N,NA
M,18-24,1,Democrat,0,0,N,N,NA
F,45-54,3,Democrat,0,0,N,N,NA
F,25-34,3,Democrat,0,0,N,N,NA
M,65+,3,Independent,0,0,N,N,NA
M,65+,1,Democrat,1,24,N,N,NA
F,18-24,2,Democrat,0,0,Y,Y,Email
F,18-24,1,Democrat,0,0,N,N,NA
F,35-44,2,Democrat,0,0,N,N,NA
M,18-24,1,Democrat,0,0,N,N,NA
M,55-64,3,Democrat,0,0,N,N,NA
F,25-34,3,Other,0,0,N,N,NA
F,18-24,2,Democrat,0,0,N,N,NA
F,25-34,1,Democrat,0,0,N,N,NA
F,18-24,3,Democrat,0,0,N,N,NA
F,25-34,3,Independent,0,0,N,N,NA
M,55-64,2,Democrat,0,0,N,N,NA
F,45-54,3,Independent,0,0,N,N,NA
F,45-54,2,Independent,0,0,N,N,NA
M,25-34,3,Democrat,0,0,N,N,NA
M,55-64,1,Other,0,0,N,N,NA
F,18-24,2,Democrat,0,0,N,N,NA
F,65+,3,Democrat,0,0,N,N,NA
M,65+,3,Independent,0,0,N,N,NA
F,18-24,2,Democrat,0,0,N,N,NA
F,18-24,1,Democrat,0,0,N,N,NA
F,25-34,2,Democrat,0,0,N,N,NA
F,35-44,3,Independent,0,0,N,N,NA
F,18-24,3,Democrat,0,0,N,N,NA
M,18-24,2,Democrat,0,0,N,N,NA
M,25-34,1,Independent,0,0,N,N,NA
M,65+,2,Democrat,0,0,N,N,NA
F,55-64,3,Other,0,0,N,N,NA
M,18-24,1,Democrat,0,0,N,N,NA
F,35-44,3,Democrat,0,0,N,N,NA
M,35-44,2,Democrat,0,0,N,N,NA
F,65+,3,Democrat,0,0,N,N,NA
F,25-34,1,Democrat,0,0,N,N,NA
F,25-34,2,Independent,0,0,N,N,NA
F,18-24,1,Democrat,0,0,N,N,NA
M,55-64,1,Independent,0,0,N,Y,Twitter
M,65+,2,Independent,1,15,Y,N,NA
M,25-34,1,Independent,0,0,N,N,NA
M,25-34,1,Democrat,0,0,N,N,NA
F,35-44,3,Other,0,0,N,N,NA
F,65+,3,Independent,0,0,N,N,NA
F,45-54,1,Democrat,0,0,N,N,NA
M,25-34,3,Democrat,0,0,N,N,NA
M,55-64,3,Democrat,0,0,N,N,NA
F,65+,1,Independent,0,0,N,N,NA
M,35-44,3,Democrat,0,0,N,N,NA
F,18-24,1,Democrat,0,0,N,N,NA
F,18-24,2,Democrat,0,0,N,N,NA
M,45-54,1,Independent,0,0,N,N,NA
F,55-64,1,Democrat,0,0,N,N,NA
M,45-54,1,Democrat,0,0,N,N,NA
F,65+,1,Independent,0,0,N,N,NA
M,18-24,3,Democrat,0,0,N,N,NA
F,18-24,3,Independent,0,0,N,N,NA
F,65+,2,Independent,1,19,N,Y,Email
F,35-44,1,Independent,0,0,N,N,NA
M,25-34,3,Independent,0,0,N,N,NA
F,25-34,1,Democrat,0,0,Y,N,NA
M,25-34,2,Democrat,0,0,N,N,NA
M,55-64,1,Democrat,1,23,N,N,NA
F,18-24,1,Independent,0,0,N,N,NA
F,65+,1,Democrat,1,25,N,N,NA
F,18-24,1,Democrat,0,0,N,Y,Twitter
M,65+,1,Democrat,0,0,N,Y,Email
F,65+,2,Independent,0,0,N,N,NA
M,65+,1,Democrat,0,0,N,N,NA
F,55-64,2,Democrat,0,0,N,N,NA
F,25-34,1,Independent,0,0,N,N,NA
F,25-34,1,Independent,0,0,N,N,NA
M,18-24,2,Democrat,0,0,N,N,NA
F,65+,3,Democrat,0,0,N,N,NA
M,25-34,1,Democrat,0,0,N,N,NA
F,65+,2,Democrat,0,0,N,N,NA
M,25-34,3,Democrat,0,0,N,N,NA
F,25-34,2,Democrat,0,0,N,N,NA
M,25-34,2,Other,0,0,N,N,NA
M,25-34,1,Democrat,0,0,N,Y,Email
M,18-24,3,Independent,0,0,Y,N,NA
M,45-54,1,Democrat,0,0,N,N,NA
M,65+,3,Independent,0,0,N,N,NA
F,65+,2,Democrat,0,0,N,N,NA
F,35-44,1,Democrat,0,0,N,N,NA
F,25-34,2,Democrat,0,0,N,N,NA
M,35-44,2,Democrat,0,0,N,N,NA
F,25-34,2,Democrat,0,0,N,N,NA
M,18-24,2,Democrat,1,15,N,N,NA
F,25-34,3,Democrat,0,0,N,N,NA
M,65+,1,Democrat,0,0,N,N,NA
M,35-44,2,Democrat,0,0,N,N,NA
M,18-24,3,Democrat,0,0,N,N,NA
F,45-54,2,Democrat,0,0,N,N,NA
M,65+,2,Democrat,0,0,N,N,NA
M,65+,3,Democrat,0,0,N,N,NA
F,18-24,1,Independent,0,0,N,N,NA
M,65+,3,Democrat,0,0,N,N,NA
F,18-24,2,Democrat,0,0,N,N,NA
F,65+,2,Democrat,0,0,N,N,NA
M,18-24,1,Democrat,0,0,N,N,NA
M,35-44,3,Democrat,0,0,N,N,NA
M,45-54,3,Other,0,0,N,N,NA
M,18-24,1,Democrat,1,18,N,N,NA
F,45-54,3,Democrat,0,0,N,N,NA
F,65+,3,Democrat,0,0,N,N,NA
M,18-24,1,Democrat,0,0,N,Y,Email
F,18-24,3,Democrat,0,0,N,N,NA
F,18-24,3,Democrat,0,0,N,N,NA
M,18-24,3,Democrat,0,0,N,N,NA
F,25-34,1,Democrat,0,0,N,N,NA
F,65+,3,Democrat,0,0,N,N,NA
M,25-34,3,Democrat,0,0,N,N,NA
M,35-44,2,Democrat,0,0,N,N,NA
M,65+,3,Independent,0,0,N,N,NA
M,65+,2,Democrat,0,0,N,N,NA
M,18-24,1,Other,0,0,N,N,NA
M,65+,2,Democrat,0,0,Y,N,NA
F,25-34,2,Democrat,0,0,N,N,NA
M,55-64,1,Democrat,0,0,N,N,NA
F,35-44,2,Independent,0,0,N,N,NA
M,35-44,2,Democrat,0,0,N,Y,Email
F,55-64,2,Democrat,0,0,N,N,NA
M,45-54,3,Democrat,1,43,N,N,NA
F,65+,3,Democrat,0,0,N,N,NA
F,18-24,1,Democrat,0,0,N,N,NA
M,18-24,2,Democrat,0,0,N,N,NA
F,65+,1,Independent,0,0,N,N,NA
M,55-64,3,Democrat,0,0,N,N,NA
M,55-64,2,Democrat,0,0,N,N,NA
F,18-24,3,Democrat,0,0,N,N,NA
F,65+,2,Democrat,0,0,N,N,NA
F,65+,1,Democrat,0,0,N,N,NA
M,25-34,1,Democrat,0,0,N,N,NA
F,65+,3,Democrat,0,0,N,Y,Twitter
M,65+,3,Democrat,0,0,N,N,NA
M,25-34,2,Independent,0,0,N,N,NA
M,45-54,2,Other,0,0,N,N,NA
F,25-34,3,Independent,0,0,N,N,NA
M,65+,1,Democrat,0,0,N,Y,Email
F,65+,3,Democrat,0,0,N,N,NA
M,65+,1,Democrat,0,0,N,N,NA
F,35-44,3,Other,0,0,N,N,NA
M,25-34,1,Democrat,0,0,N,Y,Twitter
M,35-44,1,Democrat,0,0,N,N,NA
M,25-34,2,Other,0,0,N,N,NA
M,65+,2,Democrat,0,0,N,N,NA
M,35-44,1,Independent,0,0,N,N,NA
F,35-44,3,Independent,0,0,N,N,NA
M,55-64,3,Democrat,0,0,N,N,NA
M,25-34,2,Independent,0,0,N,N,NA
M,65+,3,Democrat,0,0,N,N,NA
M,65+,1,Democrat,0,0,N,N,NA
M,18-24,2,Democrat,0,0,N,N,NA
M,55-64,1,Democrat,0,0,N,N,NA
F,35-44,1,Democrat,0,0,N,N,NA
F,18-24,2,Independent,0,0,N,N,NA
M,25-34,3,Democrat,0,0,N,N,NA
F,65+,2,Democrat,0,0,N,N,NA
F,35-44,3,Other,0,0,N,Y,Email
M,25-34,1,Democrat,1,24,N,N,NA
M,25-34,3,Independent,0,0,N,N,NA
M,65+,3,Democrat,0,0,N,N,NA
M,18-24,3,Democrat,0,0,N,N,NA
F,65+,1,Democrat,0,0,N,N,NA
M,65+,3,Other,0,0,N,N,NA
F,65+,2,Democrat,0,0,N,N,NA
F,18-24,3,Democrat,0,0,N,N,NA
M,65+,2,Democrat,0,0,N,N,NA
F,18-24,1,Democrat,0,0,N,N,NA
F,35-44,1,Democrat,0,0,N,N,NA
F,65+,1,Democrat,0,0,N,N,NA
M,35-44,2,Democrat,0,0,N,N,NA
M,18-24,1,Democrat,0,0,N,N,NA
F,25-34,2,Democrat,0,0,N,N,NA
F,18-24,3,Democrat,0,0,N,N,NA
M,65+,2,Independent,0,0,N,N,NA
F,65+,3,Other,0,0,N,N,NA
F,25-34,1,Independent,0,0,N,N,NA
M,35-44,1,Democrat,0,0,N,N,NA
F,18-24,2,Independent,0,0,N,N,NA
M,45-54,2,Independent,0,0,N,N,NA
M,45-54,1,Other,0,0,N,Y,Twitter
F,35-44,2,Democrat,0,0,N,N,NA
F,65+,1,Democrat,0,0,N,N,NA
M,18-24,3,Independent,0,0,N,N,NA
F,25-34,2,Democrat,0,0,N,N,NA
F,18-24,1,Democrat,0,0,N,N,NA
F,18-24,1,Democrat,0,0,N,N,NA
M,65+,1,Democrat,0,0,N,N,NA
M,18-24,2,Independent,0,0,N,N,NA
M,25-34,1,Democrat,1,20,N,N,NA
F,18-24,1,Democrat,0,0,N,N,NA
M,65+,3,Democrat,0,0,N,N,NA
M,65+,2,Democrat,1,17,N,N,NA
F,18-24,1,Democrat,0,0,N,N,NA
M,65+,2,Independent,0,0,N,N,NA
F,35-44,2,Other,0,0,N,N,NA
F,18-24,2,Democrat,0,0,N,N,NA
M,65+,3,Democrat,0,0,N,N,NA
M,45-54,3,Democrat,0,0,N,N,NA
F,55-64,1,Democrat,0,0,N,Y,Email
F,65+,1,Democrat,0,0,N,N,NA
M,25-34,1,Democrat,0,0,N,N,NA
F,65+,3,Democrat,0,0,N,N,NA
F,65+,1,Independent,0,0,N,N,NA
F,18-24,2,Democrat,0,0,N,N,NA
M,25-34,1,Independent,0,0,N,N,NA
F,25-34,3,Democrat,0,0,N,N,NA
M,65+,2,Independent,0,0,N,N,NA
F,18-24,3,Democrat,0,0,N,Y,Email
M,18-24,3,Other,0,0,N,Y,Email
M,65+,2,Democrat,0,0,N,N,NA
M,65+,3,Democrat,0,0,N,N,NA
M,25-34,2,Democrat,0,0,N,N,NA
M,65+,2,Democrat,0,0,N,N,NA
F,65+,3,Democrat,0,0,N,N,NA
F,25-34,1,Democrat,0,0,N,N,NA
F,45-54,2,Democrat,0,0,N,N,NA
M,65+,3,Democrat,0,0,N,N,NA
M,18-24,3,Democrat,1,46,N,N,NA
M,65+,1,Independent,0,0,N,N,NA
F,55-64,2,Democrat,0,0,N,N,NA
F,65+,1,Democrat,0,0,N,N,NA
M,25-34,3,Democrat,0,0,N,N,NA
F,25-34,3,Democrat,0,0,N,N,NA
M,18-24,2,Democrat,0,0,N,N,NA
F,65+,3,Democrat,0,0,N,N,NA
M,18-24,1,Democrat,0,0,N,N,NA
F,65+,2,Democrat,0,0,N,N,NA
F,18-24,2,Democrat,0,0,N,N,NA
M,18-24,1,Democrat,0,0,N,N,NA
F,25-34,2,Democrat,0,0,N,N,NA
F,18-24,2,Democrat,0,0,N,N,NA
M,55-64,3,Democrat,0,0,N,N,NA
M,25-34,2,Democrat,0,0,N,N,NA
F,25-34,3,Democrat,0,0,N,Y,Twitter
F,65+,2,Other,0,0,N,N,NA
M,35-44,2,Democrat,0,0,N,N,NA
M,25-34,3,Democrat,0,0,N,N,NA
M,55-64,3,Other,0,0,N,N,NA
M,18-24,3,Democrat,0,0,N,N,NA
F,25-34,2,Other,0,0,N,N,NA
M,25-34,2,Democrat,0,0,N,N,NA
M,25-34,1,Democrat,0,0,N,N,NA
F,65+,1,Independent,0,0,N,N,NA
F,45-54,2,Democrat,0,0,N,N,NA
M,25-34,3,Democrat,0,0,N,Y,Email
M,55-64,1,Democrat,0,0,N,N,NA
M,25-34,1,Independent,0,0,N,N,NA
F,18-24,3,Democrat,0,0,Y,N,NA
M,65+,1,Democrat,0,0,N,N,NA
F,45-54,2,Independent,0,0,N,N,NA
M,25-34,2,Democrat,0,0,N,N,NA
M,18-24,3,Democrat,0,0,N,N,NA
F,18-24,1,Democrat,0,0,N,N,NA
M,65+,1,Democrat,0,0,N,N,NA
M,65+,3,Democrat,0,0,N,N,NA
F,35-44,2,Democrat,0,0,N,N,NA
F,45-54,1,Democrat,0,0,N,N,NA
F,65+,1,Democrat,0,0,N,N,NA
F,18-24,3,Independent,0,0,N,N,NA
F,55-64,3,Independent,1,15,N,N,NA
F,65+,3,Democrat,0,0,N,N,NA
F,25-34,2,Democrat,0,0,N,N,NA
M,35-44,2,Democrat,0,0,N,N,NA
F,18-24,1,Democrat,0,0,N,N,NA
F,55-64,1,Democrat,0,0,N,N,NA
M,25-34,3,Democrat,0,0,N,N,NA
F,65+,1,Democrat,0,0,N,N,NA
F,18-24,2,Democrat,0,0,N,Y,Email
M,25-34,1,Democrat,0,0,N,N,NA
M,25-34,1,Independent,0,0,Y,N,NA
F,55-64,1,Democrat,0,0,N,N,NA
F,45-54,1,Democrat,0,0,N,N,NA
F,55-64,2,Democrat,0,0,N,N,NA
F,65+,3,Other,0,0,N,N,NA
M,65+,1,Independent,0,0,N,N,NA
F,55-64,1,Independent,0,0,N,N,NA
F,65+,3,Democrat,0,0,N,N,NA
M,25-34,3,Independent,0,0,N,N,NA
M,25-34,2,Democrat,0,0,N,N,NA
M,65+,2,Independent,0,0,N,N,NA
F,35-44,3,Democrat,0,0,N,N,NA
F,25-34,2,Democrat,0,0,N,N,NA
M,25-34,3,Democrat,0,0,N,N,NA
M,25-34,2,Independent,0,0,N,N,NA
F,18-24,2,Independent,0,0,N,Y,Twitter
F,45-54,1,Other,0,0,Y,N,NA
M,35-44,1,Other,0,0,N,N,NA
F,25-34,3,Independent,0,0,N,N,NA
M,55-64,2,Democrat,0,0,N,N,NA
F,55-64,3,Independent,0,0,N,N,NA
F,18-24,1,Democrat,0,0,N,N,NA
F,65+,2,Democrat,0,0,N,N,NA
F,35-44,1,Democrat,0,0,N,N,NA
M,65+,2,Democrat,0,0,N,N,NA
M,65+,2,Independent,0,0,N,N,NA
M,45-54,1,Other,0,0,N,N,NA
M,45-54,3,Democrat,0,0,N,N,NA
M,25-34,1,Democrat,0,0,N,N,NA
M,18-24,1,Democrat,0,0,N,N,NA
F,18-24,1,Democrat,0,0,N,Y,Twitter
M,25-34,1,Independent,0,0,N,N,NA
F,25-34,2,Democrat,0,0,N,N,NA
M,18-24,2,Democrat,0,0,N,Y,Twitter
M,65+,2,Other,0,0,N,N,NA
M,25-34,1,Other,0,0,N,N,NA
F,25-34,1,Independent,0,0,N,N,NA
F,18-24,1,Other,0,0,N,N,NA
M,65+,1,Independent,0,0,N,N,NA
F,25-34,2,Independent,0,0,N,N,NA
F,35-44,2,Democrat,0,0,N,N,NA
M,25-34,3,Democrat,0,0,N,N,NA
M,18-24,2,Democrat,0,0,N,N,NA
F,35-44,3,Democrat,0,0,N,N,NA
M,65+,1,Democrat,0,0,N,N,NA
M,25-34,2,Democrat,0,0,N,N,NA
F,18-24,2,Democrat,0,0,N,N,NA
F,35-44,2,Democrat,0,0,N,N,NA
M,18-24,2,Democrat,0,0,Y,Y,Twitter
F,65+,1,Democrat,0,0,N,N,NA
F,65+,2,Democrat,0,0,N,N,NA
M,18-24,2,Independent,0,0,N,N,NA
M,65+,1,Independent,0,0,N,N,NA
F,65+,3,Democrat,0,0,N,N,NA
M,65+,1,Democrat,0,0,N,N,NA
M,65+,3,Independent,0,0,N,N,NA
F,25-34,3,Democrat,0,0,N,N,NA
F,65+,2,Democrat,0,0,N,N,NA
F,25-34,2,Democrat,0,0,N,N,NA
M,35-44,1,Democrat,0,0,N,N,NA
F,65+,2,Democrat,0,0,N,N,NA
M,25-34,2,Democrat,0,0,N,N,NA
M,65+,2,Independent,0,0,N,N,NA
M,55-64,2,Democrat,0,0,N,N,NA
F,25-34,1,Democrat,0,0,N,N,NA
F,65+,3,Independent,0,0,N,N,NA
M,65+,1,Democrat,0,0,N,N,NA
M,18-24,1,Democrat,0,0,N,N,NA
M,65+,2,Democrat,0,0,N,N,NA
M,25-34,1,Democrat,0,0,N,N,NA
M,35-44,1,Democrat,0,0,N,N,NA
F,65+,3,Democrat,0,0,N,N,NA
M,25-34,1,Democrat,0,0,N,Y,Twitter
F,45-54,3,Democrat,0,0,N,N,NA
M,45-54,3,Independent,0,0,N,N,NA
M,35-44,2,Democrat,0,0,N,N,NA
F,55-64,3,Democrat,0,0,N,N,NA
F,65+,1,Democrat,0,0,N,N,NA
M,25-34,2,Democrat,0,0,Y,N,NA
F,55-64,1,Democrat,0,0,Y,N,NA
F,65+,1,Democrat,0,0,N,N,NA
F,18-24,1,Democrat,0,0,N,N,NA
F,18-24,1,Independent,0,0,N,N,NA
F,25-34,1,Democrat,0,0,N,Y,Email
F,35-44,2,Democrat,0,0,N,N,NA
M,65+,2,Democrat,0,0,N,N,NA
F,35-44,3,Independent,1,21,N,N,NA
M,18-24,1,Democrat,0,0,N,N,NA
F,18-24,2,Democrat,0,0,N,N,NA
M,25-34,2,Other,0,0,N,N,NA
F,25-34,1,Democrat,0,0,N,N,NA
F,55-64,2,Democrat,0,0,N,N,NA
F,65+,2,Other,0,0,N,N,NA
M,65+,1,Democrat,0,0,N,N,NA
M,18-24,2,Democrat,0,0,N,N,NA
M,25-34,2,Democrat,0,0,N,N,NA
M,18-24,1,Independent,0,0,N,N,NA
F,65+,3,Democrat,0,0,N,N,NA
M,55-64,3,Democrat,0,0,N,N,NA
M,45-54,3,Democrat,0,0,N,N,NA
M,45-54,3,Democrat,0,0,N,N,NA
F,35-44,1,Democrat,0,0,N,Y,Email
M,18-24,2,Democrat,0,0,N,N,NA
F,18-24,2,Democrat,0,0,N,N,NA
M,18-24,2,Democrat,0,0,N,N,NA
F,25-34,1,Democrat,0,0,N,Y,Twitter
F,35-44,3,Democrat,0,0,Y,N,NA
M,25-34,1,Democrat,0,0,N,N,NA
M,65+,3,Democrat,0,0,N,N,NA
F,65+,1,Democrat,0,0,N,Y,Email
F,45-54,3,Independent,0,0,N,N,NA
M,45-54,1,Democrat,0,0,N,N,NA
F,35-44,1,Democrat,0,0,N,N,NA
F,35-44,3,Democrat,0,0,N,N,NA
M,18-24,3,Independent,0,0,N,N,NA
F,65+,2,Democrat,0,0,N,N,NA
M,55-64,1,Democrat,0,0,N,N,NA
M,25-34,2,Democrat,0,0,N,N,NA
M,65+,2,Independent,0,0,N,N,NA
M,35-44,2,Democrat,0,0,N,N,NA
F,25-34,3,Democrat,0,0,N,N,NA
F,25-34,2,Democrat,0,0,N,N,NA
M,18-24,2,Democrat,0,0,N,N,NA
M,65+,1,Democrat,0,0,N,N,NA
M,25-34,2,Democrat,0,0,N,N,NA
F,55-64,3,Democrat,1,29,N,N,NA
F,25-34,3,Other,0,0,N,N,NA
M,35-44,1,Democrat,0,0,N,N,NA
M,55-64,3,Independent,0,0,N,N,NA
M,18-24,1,Democrat,0,0,N,N,NA
F,65+,3,Democrat,0,0,N,N,NA
F,18-24,2,Independent,0,0,N,N,NA
F,25-34,3,Democrat,0,0,N,Y,Twitter
F,35-44,3,Other,0,0,N,N,NA
M,18-24,1,Other,0,0,N,N,NA
M,35-44,2,Democrat,0,0,N,N,NA
F,65+,2,Democrat,0,0,N,N,NA
F,35-44,2,Democrat,0,0,N,N,NA
M,65+,1,Democrat,0,0,N,Y,Twitter
F,65+,2,Independent,0,0,N,N,NA
M,18-24,1,Democrat,0,0,N,N,NA
F,65+,1,Other,0,0,N,N,NA
F,18-24,3,Democrat,0,0,N,N,NA
M,25-34,2,Democrat,0,0,N,N,NA
M,65+,2,Democrat,0,0,N,N,NA
F,25-34,3,Other,0,0,N,N,NA
M,25-34,1,Other,0,0,N,N,NA
F,18-24,3,Independent,0,0,N,N,NA
F,65+,3,Democrat,0,0,N,N,NA
M,55-64,2,Democrat,0,0,N,N,NA
F,55-64,2,Independent,0,0,N,N,NA
F,65+,1,Democrat,0,0,N,N,NA
F,65+,3,Democrat,0,0,N,N,NA
F,18-24,1,Democrat,0,0,N,N,NA
F,18-24,2,Other,0,0,N,N,NA
F,45-54,2,Democrat,1,19,N,N,NA
M,18-24,2,Independent,0,0,N,N,NA
M,45-54,2,Other,0,0,N,N,NA
F,55-64,1,Independent,0,0,N,N,NA
F,65+,2,Independent,0,0,N,N,NA
M,65+,3,Independent,0,0,N,N,NA
F,25-34,1,Democrat,0,0,N,N,NA
M,55-64,2,Democrat,1,16,N,N,NA
F,18-24,1,Independent,0,0,N,N,NA
M,35-44,1,Democrat,0,0,N,N,NA
F,65+,1,Democrat,0,0,N,N,NA
F,65+,3,Democrat,0,0,N,N,NA
F,55-64,2,Independent,0,0,Y,N,NA
F,18-24,3,Democrat,0,0,N,N,NA
F,25-34,2,Other,0,0,N,N,NA
F,25-34,3,Democrat,0,0,N,N,NA
F,65+,3,Democrat,0,0,N,N,NA
M,65+,3,Other,0,0,N,N,NA
M,18-24,1,Democrat,0,0,N,N,NA
F,18-24,3,Democrat,0,0,N,N,NA
F,18-24,2,Other,0,0,N,N,NA
M,18-24,1,Democrat,0,0,N,N,NA
F,65+,1,Other,0,0,N,N,NA
M,55-64,2,Democrat,0,0,N,N,NA
F,25-34,1,Democrat,0,0,N,N,NA
M,65+,3,Democrat,0,0,N,N,NA
F,45-54,3,Democrat,0,0,N,N,NA
F,18-24,3,Democrat,0,0,N,N,NA
F,65+,2,Democrat,0,0,N,N,NA
F,65+,3,Democrat,0,0,N,Y,Email
F,65+,1,Democrat,0,0,N,N,NA
F,18-24,2,Democrat,0,0,N,N,NA
F,25-34,1,Democrat,1,21,Y,N,NA
M,35-44,1,Democrat,0,0,N,Y,Email
M,25-34,2,Democrat,0,0,N,N,NA
M,25-34,3,Democrat,0,0,N,N,NA
F,25-34,1,Independent,1,23,N,N,NA
F,65+,3,Independent,0,0,N,N,NA
M,45-54,3,Democrat,0,0,N,N,NA
F,45-54,3,Independent,0,0,N,N,NA
M,18-24,3,Other,0,0,N,N,NA
M,65+,2,Democrat,0,0,N,N,NA
M,25-34,2,Democrat,0,0,N,N,NA
F,25-34,1,Democrat,1,16,N,N,NA
M,25-34,1,Independent,0,0,N,N,NA
M,65+,3,Independent,0,0,N,N,NA
F,25-34,1,Independent,0,0,N,N,NA
M,65+,3,Democrat,0,0,N,N,NA
M,25-34,3,Democrat,1,37,N,N,NA
M,18-24,2,Democrat,0,0,N,N,NA
F,45-54,2,Other,0,0,N,N,NA
F,65+,3,Democrat,1,36,N,N,NA
F,35-44,3,Democrat,0,0,N,Y,Twitter
M,35-44,2,Democrat,0,0,N,N,NA
F,25-34,1,Democrat,0,0,N,N,NA
F,25-34,3,Independent,1,18,N,N,NA
F,25-34,3,Democrat,0,0,N,N,NA
M,55-64,1,Democrat,0,0,N,N,NA
M,65+,3,Democrat,0,0,N,N,NA
M,18-24,3,Democrat,0,0,N,N,NA
M,25-34,2,Independent,1,23,N,N,NA
F,25-34,1,Democrat,0,0,N,N,NA
M,18-24,2,Democrat,0,0,N,N,NA
F,45-54,3,Independent,0,0,N,Y,Email
F,55-64,1,Democrat,0,0,N,N,NA
F,35-44,1,Democrat,0,0,N,N,NA
M,18-24,2,Democrat,0,0,N,N,NA
F,65+,1,Democrat,0,0,N,N,NA
M,25-34,2,Democrat,0,0,N,Y,Email
F,25-34,3,Democrat,0,0,N,N,NA
M,65+,2,Independent,1,23,N,N,NA
M,18-24,3,Democrat,0,0,N,N,NA
F,65+,3,Democrat,0,0,N,N,NA
M,18-24,1,Democrat,0,0,N,N,NA
F,35-44,1,Independent,0,0,N,N,NA
F,25-34,1,Independent,0,0,N,Y,Email
M,25-34,1,Democrat,0,0,N,N,NA
M,55-64,2,Democrat,0,0,N,Y,Email
M,25-34,3,Democrat,0,0,N,N,NA
M,35-44,2,Other,0,0,N,N,NA
M,65+,3,Democrat,0,0,N,Y,Email
M,18-24,1,Democrat,0,0,N,N,NA
M,65+,3,Independent,0,0,N,N,NA
M,55-64,3,Democrat,0,0,N,N,NA
M,25-34,1,Independent,0,0,N,N,NA
M,65+,3,Democrat,0,0,N,N,NA
M,25-34,2,Democrat,0,0,N,N,NA
F,65+,3,Democrat,0,0,N,N,NA
M,65+,2,Democrat,0,0,N,Y,Twitter
F,65+,3,Democrat,0,0,N,N,NA
F,35-44,2,Democrat,0,0,N,N,NA
M,25-34,2,Democrat,0,0,N,N,NA
M,65+,2,Democrat,0,0,N,N,NA
F,45-54,2,Democrat,0,0,N,N,NA
M,25-34,3,Independent,0,0,N,N,NA
F,65+,1,Democrat,1,19,N,Y,Email
F,65+,3,Independent,0,0,N,N,NA
F,25-34,2,Independent,0,0,N,N,NA
M,35-44,2,Democrat,1,16,N,Y,Email
M,35-44,1,Independent,0,0,N,N,NA
M,65+,1,Democrat,0,0,N,N,NA
F,25-34,3,Independent,0,0,N,N,NA
M,65+,1,Democrat,0,0,N,N,NA
M,18-24,3,Democrat,0,0,N,N,NA
M,45-54,1,Democrat,0,0,N,N,NA
M,35-44,1,Democrat,0,0,N,N,NA
F,65+,1,Democrat,0,0,N,N,NA
M,65+,2,Democrat,0,0,N,N,NA
F,18-24,1,Democrat,0,0,N,N,NA
M,65+,3,Democrat,1,42,N,N,NA
F,65+,1,Democrat,0,0,N,N,NA
F,18-24,3,Independent,0,0,N,N,NA
M,65+,1,Independent,0,0,N,N,NA
F,35-44,1,Democrat,0,0,N,N,NA
F,65+,2,Democrat,0,0,N,N,NA
M,45-54,1,Democrat,0,0,N,N,NA
F,18-24,3,Democrat,0,0,N,N,NA
F,65+,3,Democrat,0,0,N,N,NA
M,18-24,3,Independent,0,0,N,N,NA
M,55-64,2,Democrat,0,0,N,N,NA
F,45-54,3,Democrat,0,0,N,N,NA
F,18-24,2,Democrat,0,0,N,N,NA
F,45-54,1,Democrat,0,0,N,Y,Email
F,18-24,3,Democrat,0,0,N,N,NA
M,25-34,1,Democrat,0,0,N,N,NA
F,65+,2,Democrat,1,18,N,N,NA
M,45-54,1,Democrat,0,0,N,N,NA
M,25-34,3,Democrat,0,0,N,N,NA
F,18-24,2,Democrat,0,0,N,N,NA
M,65+,2,Independent,0,0,N,N,NA
F,25-34,3,Democrat,0,0,N,N,NA
F,65+,3,Democrat,0,0,N,N,NA
F,35-44,1,Democrat,0,0,N,N,NA
F,35-44,1,Democrat,0,0,N,N,NA
F,65+,2,Other,0,0,N,N,NA
M,25-34,3,Democrat,0,0,N,N,NA
F,25-34,2,Democrat,0,0,N,N,NA
M,45-54,3,Democrat,0,0,N,N,NA
F,25-34,1,Other,0,0,N,N,NA
M,65+,2,Democrat,0,0,N,Y,Twitter
M,65+,2,Democrat,0,0,N,N,NA
M,65+,3,Democrat,0,0,N,N,NA
F,65+,2,Independent,0,0,N,N,NA
M,18-24,3,Democrat,0,0,N,N,NA
M,35-44,3,Independent,0,0,N,Y,Email
F,25-34,1,Democrat,0,0,N,N,NA
F,18-24,3,Other,0,0,N,N,NA
M,35-44,2,Democrat,0,0,N,N,NA
M,18-24,1,Democrat,0,0,N,N,NA
F,18-24,3,Democrat,0,0,N,N,NA
M,65+,2,Democrat,0,0,N,N,NA
F,25-34,1,Democrat,0,0,N,N,NA
M,45-54,1,Democrat,0,0,N,N,NA
F,18-24,2,Democrat,0,0,N,N,NA
F,18-24,2,Democrat,0,0,N,N,NA
F,55-64,3,Democrat,0,0,N,N,NA
M,55-64,1,Democrat,0,0,N,N,NA
M,18-24,3,Democrat,0,0,N,N,NA
F,45-54,1,Other,0,0,N,N,NA
F,65+,3,Independent,0,0,N,N,NA
M,35-44,2,Independent,0,0,N,N,NA
F,55-64,1,Democrat,0,0,N,N,NA
F,45-54,3,Independent,0,0,N,N,NA
F,45-54,2,Democrat,0,0,N,N,NA
M,65+,3,Other,0,0,N,Y,Email
M,55-64,1,Independent,0,0,N,N,NA
F,25-34,3,Other,0,0,N,N,NA
M,65+,2,Democrat,0,0,N,N,NA
F,18-24,2,Democrat,0,0,N,N,NA
F,65+,2,Independent,0,0,N,N,NA
M,25-34,1,Democrat,0,0,N,N,NA
F,18-24,3,Independent,0,0,N,N,NA
M,45-54,1,Democrat,0,0,N,N,NA
F,65+,3,Independent,0,0,N,N,NA
F,18-24,1,Democrat,0,0,N,N,NA
F,45-54,2,Democrat,0,0,N,Y,Twitter
F,18-24,3,Democrat,0,0,N,Y,Email
F,55-64,3,Democrat,0,0,N,N,NA
F,55-64,1,Democrat,0,0,N,N,NA
M,18-24,3,Independent,0,0,N,N,NA
M,18-24,3,Democrat,0,0,N,N,NA
M,25-34,1,Democrat,0,0,N,Y,Twitter
F,65+,2,Independent,0,0,N,N,NA
M,25-34,1,Democrat,0,0,N,N,NA
M,65+,3,Democrat,0,0,N,N,NA
F,65+,1,Democrat,0,0,N,Y,Email
M,45-54,3,Other,0,0,N,N,NA
M,45-54,2,Democrat,0,0,N,N,NA
F,25-34,1,Democrat,0,0,N,N,NA
M,65+,2,Other,0,0,N,N,NA
F,45-54,1,Democrat,0,0,N,N,NA
M,25-34,1,Democrat,0,0,N,N,NA
M,18-24,3,Democrat,0,0,N,N,NA
M,35-44,3,Independent,0,0,N,N,NA
M,65+,2,Other,0,0,N,N,NA
M,55-64,3,Democrat,0,0,N,N,NA
M,45-54,1,Democrat,0,0,N,N,NA
F,25-34,2,Democrat,0,0,N,N,NA
M,45-54,2,Independent,0,0,N,N,NA
M,18-24,2,Democrat,0,0,N,N,NA
M,25-34,1,Democrat,0,0,N,N,NA
M,25-34,1,Independent,0,0,N,N,NA
M,25-34,1,Democrat,0,0,N,N,NA
F,45-54,1,Democrat,0,0,N,N,NA
F,65+,3,Other,0,0,N,N,NA
M,25-34,1,Democrat,0,0,N,N,NA
M,18-24,1,Independent,0,0,N,N,NA
F,65+,2,Democrat,0,0,N,N,NA
F,55-64,3,Democrat,0,0,N,N,NA
M,18-24,3,Other,0,0,N,N,NA
F,25-34,2,Other,0,0,Y,N,NA
M,25-34,2,Democrat,0,0,N,N,NA
M,18-24,2,Democrat,0,0,N,N,NA
M,18-24,1,Democrat,1,32,N,N,NA
M,35-44,3,Democrat,0,0,N,N,NA
M,65+,2,Democrat,0,0,N,N,NA
F,65+,1,Independent,0,0,N,N,NA
F,65+,3,Other,0,0,N,N,NA
F,65+,1,Democrat,0,0,N,N,NA
F,55-64,1,Democrat,0,0,N,N,NA
F,25-34,2,Democrat,0,0,N,N,NA
M,25-34,1,Democrat,0,0,N,N,NA
M,65+,3,Democrat,0,0,N,N,NA
F,25-34,3,Democrat,0,0,N,N,NA
M,18-24,3,Democrat,0,0,N,N,NA
M,65+,1,Democrat,0,0,N,N,NA
F,45-54,2,Democrat,0,0,N,N,NA
M,65+,3,Democrat,0,0,N,N,NA
F,65+,2,Democrat,0,0,N,N,NA
F,25-34,2,Democrat,0,0,N,N,NA
F,18-24,2,Democrat,0,0,N,N,NA
M,45-54,3,Democrat,0,0,N,N,NA
F,18-24,3,Democrat,0,0,N,N,NA
M,35-44,3,Democrat,0,0,N,N,NA
F,65+,1,Democrat,0,0,N,N,NA
F,18-24,2,Democrat,0,0,N,N,NA
M,25-34,3,Democrat,0,0,N,N,NA
M,18-24,1,Democrat,0,0,N,N,NA
M,18-24,2,Independent,0,0,N,N,NA
M,25-34,2,Democrat,0,0,N,N,NA
F,18-24,2,Independent,0,0,N,N,NA
M,65+,2,Independent,0,0,N,N,NA
M,25-34,3,Democrat,0,0,Y,N,NA
F,65+,2,Democrat,0,0,N,N,NA
F,25-34,1,Independent,0,0,N,N,NA
F,55-64,1,Independent,0,0,N,N,NA
F,65+,1,Independent,0,0,N,N,NA
M,18-24,2,Independent,0,0,N,N,NA
M,18-24,1,Democrat,0,0,N,N,NA
F,45-54,3,Democrat,0,0,N,N,NA
F,18-24,2,Democrat,0,0,N,N,NA
F,25-34,2,Independent,0,0,N,N,NA
M,65+,2,Democrat,0,0,N,N,NA
M,45-54,3,Democrat,0,0,N,N,NA
M,65+,1,Democrat,0,0,N,N,NA
F,35-44,1,Democrat,0,0,N,N,NA
F,65+,1,Democrat,0,0,N,N,NA
M,35-44,1,Democrat,0,0,N,N,NA
F,18-24,2,Independent,0,0,N,Y,Email
F,35-44,3,Democrat,0,0,N,N,NA
F,55-64,2,Independent,0,0,N,N,NA
M,25-34,2,Democrat,0,0,N,N,NA
M,65+,3,Democrat,0,0,N,N,NA
M,18-24,1,Independent,0,0,N,N,NA
F,18-24,1,Democrat,0,0,N,N,NA
M,65+,3,Democrat,0,0,N,N,NA
F,35-44,2,Democrat,0,0,N,N,NA
M,18-24,1,Democrat,0,0,N,N,NA
F,18-24,3,Democrat,0,0,N,N,NA
F,65+,3,Democrat,0,0,N,N,NA
M,18-24,1,Democrat,0,0,N,N,NA
F,18-24,1,Independent,0,0,N,N,NA
F,65+,2,Democrat,0,0,N,N,NA
M,65+,3,Democrat,0,0,N,N,NA
F,65+,2,Democrat,0,0,N,N,NA
M,65+,1,Democrat,0,0,N,N,NA
M,65+,3,Democrat,0,0,N,N,NA
M,65+,3,Independent,0,0,N,N,NA
M,65+,1,Democrat,0,0,N,N,NA
F,65+,1,Democrat,0,0,N,N,NA
M,25-34,2,Democrat,0,0,N,N,NA
M,65+,3,Democrat,0,0,N,N,NA
M,55-64,3,Democrat,0,0,N,N,NA
F,65+,1,Independent,1,22,N,N,NA
M,65+,2,Democrat,0,0,N,Y,Email
F,25-34,2,Democrat,0,0,N,N,NA
M,65+,1,Democrat,0,0,N,N,NA
F,25-34,2,Democrat,0,0,N,N,NA
F,18-24,2,Democrat,0,0,N,Y,Email
F,25-34,3,Democrat,0,0,N,N,NA
M,65+,2,Independent,0,0,Y,N,NA
M,65+,3,Democrat,1,32,N,N,NA
F,65+,1,Democrat,0,0,N,N,NA
M,35-44,1,Democrat,0,0,N,N,NA
F,45-54,2,Democrat,0,0,Y,N,NA
M,35-44,3,Independent,0,0,N,N,NA
F,18-24,3,Other,0,0,N,N,NA
M,65+,3,Democrat,0,0,N,N,NA
F,65+,3,Independent,0,0,Y,N,NA
F,18-24,2,Democrat,0,0,N,N,NA
F,25-34,3,Democrat,0,0,N,N,NA
M,25-34,2,Other,0,0,N,N,NA
M,65+,1,Democrat,0,0,N,N,NA
M,65+,3,Democrat,0,0,N,N,NA
M,45-54,3,Democrat,0,0,N,N,NA
M,18-24,2,Democrat,0,0,N,N,NA
M,45-54,3,Democrat,0,0,N,N,NA
F,55-64,1,Independent,0,0,N,N,NA
F,25-34,1,Independent,0,0,N,N,NA
F,18-24,2,Democrat,0,0,N,N,NA
M,55-64,3,Democrat,1,31,N,N,NA
M,18-24,3,Democrat,0,0,N,N,NA
F,25-34,3,Independent,0,0,N,N,NA
F,65+,1,Democrat,0,0,N,N,NA
F,55-64,1,Democrat,0,0,N,Y,Email
F,18-24,1,Democrat,0,0,N,N,NA
F,65+,3,Independent,0,0,N,N,NA
M,65+,2,Democrat,1,17,N,N,NA
M,18-24,2,Democrat,0,0,N,N,NA
F,55-64,3,Democrat,0,0,N,N,NA
F,45-54,1,Independent,0,0,N,Y,Email
M,65+,3,Independent,0,0,Y,N,NA
F,18-24,2,Democrat,0,0,Y,N,NA
M,25-34,1,Democrat,0,0,N,Y,Email
F,65+,2,Democrat,0,0,N,N,NA
F,25-34,3,Democrat,0,0,N,N,NA
F,45-54,3,Other,0,0,N,N,NA
M,25-34,2,Democrat,1,17,N,N,NA
M,18-24,3,Other,0,0,N,N,NA
F,18-24,1,Democrat,0,0,N,N,NA
F,65+,3,Democrat,0,0,N,N,NA
M,25-34,1,Democrat,0,0,N,Y,Twitter
F,45-54,2,Democrat,0,0,N,N,NA
M,65+,1,Democrat,0,0,N,N,NA
F,35-44,2,Democrat,0,0,N,N,NA
M,35-44,3,Democrat,0,0,N,N,NA
F,25-34,3,Democrat,0,0,N,N,NA
M,25-34,1,Democrat,0,0,Y,N,NA
M,65+,1,Democrat,0,0,N,N,NA
M,18-24,3,Independent,0,0,N,N,NA
M,18-24,3,Democrat,0,0,N,N,NA
M,25-34,2,Democrat,0,0,N,N,NA
M,65+,1,Democrat,0,0,N,N,NA
M,18-24,3,Democrat,0,0,N,N,NA
M,25-34,3,Independent,0,0,N,N,NA
M,35-44,3,Independent,0,0,N,N,NA
F,65+,3,Democrat,0,0,N,N,NA
M,65+,1,Independent,0,0,N,N,NA
M,18-24,2,Democrat,0,0,N,N,NA
M,25-34,1,Democrat,0,0,N,N,NA
F,25-34,1,Democrat,0,0,N,N,NA
M,25-34,1,Independent,0,0,N,N,NA
F,25-34,3,Democrat,0,0,N,N,NA
M,45-54,2,Democrat,0,0,N,N,NA
F,18-24,3,Democrat,0,0,N,N,NA
F,55-64,1,Independent,0,0,N,N,NA
F,65+,1,Other,0,0,N,N,NA
F,25-34,3,Democrat,0,0,N,N,NA
F,18-24,3,Other,0,0,N,N,NA
F,55-64,2,Independent,0,0,N,N,NA
M,65+,2,Democrat,0,0,N,Y,Email
M,55-64,2,Democrat,0,0,N,N,NA
F,25-34,2,Democrat,0,0,N,N,NA
F,55-64,3,Democrat,0,0,N,N,NA
M,18-24,2,Democrat,0,0,N,N,NA
M,55-64,2,Democrat,1,24,N,Y,Email
F,18-24,1,Democrat,0,0,Y,N,NA
F,35-44,1,Democrat,0,0,N,N,NA
M,65+,2,Democrat,0,0,N,N,NA
M,55-64,2,Democrat,0,0,N,N,NA
M,65+,1,Democrat,0,0,N,N,NA
F,65+,3,Democrat,0,0,N,N,NA
M,45-54,2,Democrat,0,0,N,N,NA
M,35-44,1,Democrat,0,0,N,N,NA
M,25-34,1,Other,0,0,N,N,NA
F,35-44,3,Democrat,1,47,N,N,NA
M,18-24,1,Democrat,0,0,N,N,NA
F,35-44,2,Democrat,0,0,N,N,NA
F,65+,2,Independent,0,0,N,N,NA
F,18-24,2,Democrat,0,0,N,N,NA
F,45-54,2,Democrat,0,0,N,N,NA
F,65+,1,Democrat,0,0,N,N,NA
F,25-34,2,Other,0,0,N,N,NA
F,25-34,1,Independent,0,0,N,N,NA
F,45-54,3,Democrat,1,31,N,N,NA
M,65+,1,Independent,0,0,N,N,NA
M,65+,3,Independent,0,0,N,N,NA
M,55-64,2,Democrat,0,0,N,N,NA
M,55-64,1,Democrat,0,0,N,N,NA
F,65+,1,Other,0,0,N,N,NA
M,65+,1,Democrat,1,19,N,N,NA
M,25-34,1,Independent,0,0,N,N,NA
M,18-24,1,Democrat,0,0,N,N,NA
M,55-64,3,Independent,0,0,N,N,NA
F,65+,3,Democrat,0,0,N,N,NA
F,65+,3,Democrat,0,0,N,N,NA
M,25-34,2,Democrat,1,20,N,N,NA
M,65+,2,Democrat,0,0,N,N,NA
F,65+,3,Independent,0,0,N,N,NA
F,35-44,2,Democrat,0,0,N,N,NA
F,45-54,1,Democrat,0,0,N,N,NA
M,65+,3,Democrat,1,38,Y,N,NA
M,25-34,2,Democrat,0,0,N,Y,Email
F,45-54,2,Independent,0,0,N,N,NA
F,65+,1,Democrat,0,0,Y,N,NA
M,65+,2,Independent,0,0,N,N,NA
M,25-34,2,Independent,0,0,N,N,NA
M,25-34,2,Democrat,1,16,N,N,NA
F,55-64,2,Democrat,0,0,N,N,NA
F,65+,1,Democrat,0,0,N,N,NA
F,18-24,2,Democrat,0,0,N,N,NA
F,65+,2,Democrat,0,0,N,N,NA
F,18-24,1,Democrat,0,0,N,N,NA
F,65+,3,Democrat,0,0,N,N,NA
F,65+,2,Democrat,0,0,N,N,NA
F,65+,1,Democrat,0,0,N,N,NA
F,35-44,1,Other,0,0,N,N,NA
M,65+,1,Democrat,0,0,N,N,NA
F,45-54,2,Independent,0,0,N,N,NA
M,18-24,2,Democrat,0,0,N,N,NA
F,65+,3,Democrat,0,0,N,N,NA
M,55-64,3,Independent,0,0,N,N,NA
M,18-24,1,Democrat,0,0,N,N,NA
F,18-24,1,Independent,0,0,N,N,NA
M,25-34,2,Democrat,0,0,N,N,NA
F,18-24,2,Democrat,0,0,N,Y,Email
M,65+,3,Democrat,0,0,N,N,NA
M,35-44,3,Independent,0,0,N,N,NA
M,65+,2,Democrat,1,20,N,N,NA
M,65+,2,Democrat,0,0,N,N,NA
F,18-24,1,Democrat,0,0,N,N,NA
M,25-34,2,Democrat,0,0,N,N,NA
M,18-24,1,Democrat,0,0,N,N,NA
M,65+,1,Democrat,0,0,N,N,NA
M,65+,2,Democrat,0,0,N,N,NA
M,65+,1,Democrat,0,0,N,N,NA
F,55-64,3,Democrat,0,0,N,N,NA
M,18-24,2,Other,0,0,N,N,NA
F,55-64,3,Democrat,0,0,N,N,NA
M,18-24,2,Democrat,0,0,N,N,NA
F,18-24,1,Democrat,0,0,N,N,NA
M,18-24,3,Independent,0,0,N,N,NA
F,25-34,1,Democrat,0,0,N,N,NA
M,25-34,2,Democrat,0,0,N,N,NA
F,35-44,2,Independent,0,0,N,N,NA
M,65+,1,Independent,1,12,N,N,NA
F,65+,1,Other,0,0,Y,N,NA
F,65+,3,Independent,0,0,N,N,NA
M,65+,3,Democrat,0,0,N,N,NA
F,25-34,3,Other,0,0,N,N,NA
M,55-64,1,Democrat,0,0,N,N,NA
F,65+,1,Democrat,0,0,N,N,NA
F,18-24,3,Democrat,0,0,N,N,NA
M,18-24,2,Democrat,0,0,N,N,NA
F,18-24,1,Independent,0,0,N,N,NA
M,18-24,2,Democrat,0,0,N,N,NA
M,65+,1,Democrat,0,0,N,N,NA
M,65+,1,Democrat,0,0,N,N,NA
F,65+,3,Independent,0,0,N,N,NA
F,65+,1,Other,0,0,N,N,NA
M,55-64,3,Democrat,0,0,N,N,NA
M,65+,1,Democrat,0,0,N,N,NA
F,35-44,2,Democrat,0,0,N,Y,Email
F,18-24,2,Democrat,0,0,N,N,NA
M,25-34,2,Democrat,0,0,N,N,NA
F,65+,3,Democrat,0,0,N,N,NA
M,18-24,2,Independent,0,0,N,Y,Twitter
F,25-34,2,Democrat,0,0,N,N,NA
F,18-24,1,Other,0,0,N,N,NA
F,18-24,3,Democrat,0,0,N,N,NA
M,65+,3,Democrat,0,0,N,N,NA
F,55-64,2,Independent,0,0,N,N,NA
F,25-34,1,Democrat,0,0,N,N,NA
M,25-34,3,Democrat,0,0,N,Y,Email
F,65+,3,Independent,0,0,N,N,NA
F,55-64,3,Independent,0,0,N,N,NA
F,35-44,2,Democrat,0,0,N,N,NA
M,55-64,3,Democrat,0,0,N,N,NA
F,65+,3,Independent,0,0,N,N,NA
M,25-34,3,Independent,0,0,N,N,NA
F,35-44,2,Democrat,0,0,N,N,NA
M,18-24,2,Democrat,0,0,N,N,NA
F,25-34,1,Independent,0,0,N,N,NA
M,65+,1,Democrat,0,0,N,N,NA
F,18-24,2,Independent,0,0,N,N,NA
F,18-24,3,Democrat,0,0,N,N,NA
F,65+,1,Democrat,0,0,Y,Y,Email
F,65+,2,Independent,0,0,N,N,NA
F,25-34,2,Democrat,0,0,N,N,NA
M,25-34,3,Independent,0,0,N,N,NA
M,18-24,2,Democrat,0,0,N,N,NA
M,25-34,1,Democrat,0,0,N,N,NA
M,65+,1,Democrat,0,0,N,N,NA
F,35-44,2,Democrat,0,0,N,N,NA
F,65+,1,Democrat,0,0,N,N,NA
F,35-44,3,Other,0,0,N,N,NA
M,25-34,1,Other,0,0,N,N,NA
M,25-34,3,Democrat,0,0,N,N,NA
M,25-34,3,Democrat,0,0,N,N,NA
M,65+,2,Independent,0,0,N,N,NA
M,18-24,3,Democrat,0,0,N,N,NA
F,45-54,3,Independent,0,0,N,N,NA
F,55-64,3,Other,0,0,N,N,NA
F,65+,3,Democrat,0,0,N,N,NA
M,35-44,1,Other,0,0,N,N,NA
F,65+,2,Democrat,0,0,N,N,NA
M,25-34,3,Democrat,0,0,N,N,NA
F,25-34,2,Democrat,0,0,N,N,NA
F,18-24,1,Democrat,0,0,N,N,NA
M,18-24,3,Independent,0,0,N,N,NA
M,18-24,2,Democrat,0,0,N,N,NA
M,25-34,1,Democrat,0,0,N,N,NA
M,65+,2,Democrat,1,15,N,N,NA
M,18-24,1,Democrat,0,0,N,N,NA
M,65+,1,Independent,0,0,N,Y,Twitter
F,25-34,2,Other,0,0,N,N,NA
F,65+,3,Other,0,0,N,N,NA
M,45-54,2,Democrat,0,0,N,N,NA
F,65+,1,Democrat,0,0,N,N,NA
M,25-34,1,Democrat,0,0,N,N,NA
F,25-34,1,Democrat,0,0,N,N,NA
F,25-34,3,Democrat,0,0,N,N,NA
F,65+,2,Other,0,0,N,N,NA
F,65+,2,Independent,0,0,N,N,NA
M,45-54,3,Democrat,0,0,N,N,NA
F,18-24,3,Democrat,0,0,N,N,NA
M,18-24,3,Democrat,0,0,N,N,NA
M,55-64,2,Other,0,0,N,N,NA
M,18-24,1,Democrat,0,0,N,N,NA
M,25-34,3,Democrat,0,0,N,Y,Twitter
F,35-44,3,Independent,0,0,N,N,NA
M,45-54,3,Democrat,0,0,N,N,NA
F,65+,1,Other,0,0,N,N,NA
M,18-24,1,Democrat,0,0,N,N,NA
F,25-34,1,Democrat,0,0,N,N,NA
M,25-34,3,Independent,0,0,N,N,NA
F,55-64,3,Democrat,0,0,N,N,NA
M,65+,2,Democrat,0,0,N,N,NA
F,18-24,3,Independent,0,0,N,N,NA
F,18-24,2,Democrat,0,0,N,Y,Email
F,25-34,3,Independent,0,0,N,N,NA
M,65+,2,Independent,1,25,N,N,NA
M,18-24,3,Democrat,0,0,N,N,NA
F,65+,1,Democrat,0,0,N,N,NA
F,25-34,1,Independent,0,0,N,N,NA
F,65+,2,Democrat,0,0,N,N,NA
F,65+,1,Independent,0,0,N,N,NA
M,65+,3,Independent,0,0,N,N,NA
M,45-54,1,Democrat,0,0,N,N,NA
F,25-34,3,Democrat,0,0,Y,N,NA
F,25-34,3,Democrat,0,0,N,N,NA
F,65+,1,Democrat,0,0,N,N,NA
M,35-44,1,Democrat,0,0,Y,N,NA
F,65+,2,Independent,0,0,N,N,NA
F,65+,3,Democrat,0,0,N,N,NA
F,65+,3,Democrat,0,0,N,Y,Email
F,18-24,2,Democrat,0,0,N,N,NA
M,35-44,3,Other,0,0,N,N,NA
M,65+,3,Democrat,0,0,N,N,NA
M,65+,1,Other,0,0,N,N,NA
M,65+,3,Democrat,0,0,N,N,NA
M,25-34,2,Independent,0,0,N,Y,Email
M,45-54,1,Democrat,0,0,N,N,NA
M,25-34,2,Democrat,0,0,N,N,NA
M,45-54,1,Democrat,0,0,N,N,NA
F,18-24,1,Democrat,0,0,N,N,NA
M,25-34,3,Democrat,0,0,N,N,NA
M,35-44,3,Other,0,0,N,N,NA
M,65+,2,Other,0,0,N,N,NA
F,65+,2,Democrat,0,0,N,N,NA
M,35-44,2,Democrat,0,0,N,N,NA
F,25-34,2,Democrat,0,0,N,N,NA
F,55-64,3,Democrat,0,0,N,N,NA
F,18-24,3,Democrat,0,0,N,N,NA
M,45-54,2,Democrat,0,0,N,N,NA
F,35-44,1,Democrat,0,0,N,N,NA
F,55-64,1,Democrat,0,0,N,N,NA
F,65+,3,Democrat,0,0,N,N,NA
M,35-44,2,Democrat,0,0,N,N,NA
M,18-24,3,Independent,0,0,N,N,NA
M,25-34,1,Independent,0,0,N,N,NA
M,65+,2,Democrat,0,0,N,N,NA
M,65+,1,Democrat,1,18,N,N,NA
F,65+,2,Democrat,0,0,N,N,NA
M,25-34,3,Independent,0,0,N,N,NA
F,65+,2,Democrat,0,0,N,N,NA
M,18-24,2,Other,0,0,N,N,NA
M,65+,2,Democrat,1,21,N,N,NA
M,65+,2,Democrat,1,18,N,N,NA
F,55-64,2,Democrat,0,0,N,N,NA
F,35-44,1,Democrat,0,0,N,N,NA
F,25-34,2,Democrat,0,0,N,N,NA
M,45-54,3,Democrat,0,0,N,N,NA
M,65+,3,Democrat,0,0,N,Y,Email
M,25-34,1,Independent,0,0,N,N,NA
M,65+,1,Independent,0,0,N,N,NA
F,65+,3,Democrat,0,0,N,N,NA
F,65+,3,Democrat,0,0,N,N,NA
M,25-34,2,Democrat,1,19,N,N,NA
F,55-64,2,Democrat,0,0,Y,N,NA
M,55-64,3,Other,0,0,N,N,NA
M,25-34,3,Democrat,0,0,Y,N,NA
F,25-34,2,Democrat,0,0,N,N,NA
F,55-64,3,Democrat,0,0,N,N,NA
M,35-44,1,Other,1,8,N,N,NA
M,55-64,1,Democrat,0,0,N,N,NA
F,65+,1,Democrat,0,0,N,N,NA
F,25-34,3,Democrat,0,0,N,N,NA
M,18-24,2,Democrat,0,0,N,N,NA
M,35-44,1,Democrat,0,0,N,N,NA
F,25-34,2,Democrat,0,0,N,N,NA
M,18-24,2,Democrat,1,17,N,N,NA
F,65+,2,Democrat,0,0,N,Y,Email
F,65+,3,Democrat,0,0,N,N,NA
F,25-34,1,Democrat,0,0,N,N,NA
M,35-44,3,Democrat,1,25,N,N,NA
F,25-34,2,Democrat,0,0,Y,N,NA
F,65+,1,Democrat,0,0,N,N,NA
F,55-64,1,Democrat,0,0,N,N,NA
M,65+,2,Independent,0,0,N,N,NA
M,65+,1,Democrat,0,0,N,N,NA
M,65+,2,Independent,0,0,N,N,NA
F,18-24,2,Democrat,0,0,N,N,NA
M,65+,2,Democrat,0,0,N,N,NA
F,65+,1,Independent,0,0,N,N,NA
F,65+,1,Democrat,1,20,N,Y,Twitter
M,18-24,1,Democrat,0,0,N,N,NA
F,65+,1,Democrat,0,0,N,Y,Email
F,18-24,3,Democrat,0,0,N,N,NA
F,25-34,3,Democrat,0,0,N,N,NA
M,25-34,1,Democrat,0,0,N,N,NA
M,18-24,1,Democrat,0,0,N,N,NA
F,65+,2,Democrat,0,0,N,N,NA
F,35-44,2,Democrat,0,0,N,N,NA
F,65+,2,Democrat,0,0,N,N,NA
M,65+,3,Independent,1,24,N,N,NA
F,65+,1,Other,0,0,N,N,NA
M,55-64,1,Democrat,1,27,N,N,NA
F,55-64,3,Independent,0,0,N,N,NA
F,25-34,2,Democrat,0,0,N,N,NA
M,65+,2,Independent,0,0,N,N,NA
M,25-34,1,Democrat,0,0,N,N,NA
F,18-24,2,Other,0,0,N,N,NA
F,55-64,1,Democrat,0,0,N,N,NA
F,25-34,1,Democrat,0,0,N,N,NA
M,55-64,3,Independent,0,0,N,N,NA
M,45-54,3,Independent,0,0,N,N,NA
F,65+,2,Democrat,0,0,N,N,NA
F,65+,3,Democrat,0,0,N,N,NA
F,35-44,1,Democrat,0,0,N,N,NA
F,18-24,3,Democrat,0,0,N,N,NA
F,65+,2,Independent,0,0,N,N,NA
F,25-34,1,Democrat,0,0,N,N,NA
M,25-34,3,Democrat,0,0,N,N,NA
M,25-34,3,Democrat,0,0,N,N,NA
M,65+,2,Democrat,0,0,N,N,NA
F,25-34,3,Democrat,0,0,N,N,NA
M,35-44,1,Democrat,0,0,Y,N,NA
M,18-24,2,Democrat,0,0,N,N,NA
M,65+,1,Democrat,0,0,N,N,NA
M,65+,2,Democrat,0,0,N,N,NA
M,35-44,1,Democrat,0,0,N,N,NA
M,65+,2,Democrat,0,0,N,N,NA
F,65+,2,Democrat,0,0,N,N,NA
F,65+,3,Democrat,1,34,N,N,NA
M,25-34,2,Independent,0,0,N,N,NA
M,45-54,1,Democrat,0,0,N,N,NA
M,65+,3,Democrat,0,0,N,Y,Twitter
M,18-24,3,Democrat,0,0,N,N,NA
M,65+,3,Independent,0,0,N,N,NA
M,55-64,2,Independent,0,0,N,N,NA
F,18-24,2,Democrat,0,0,N,Y,Email
F,25-34,2,Independent,0,0,N,N,NA
M,65+,3,Independent,0,0,N,N,NA
F,65+,3,Democrat,0,0,N,N,NA
F,18-24,3,Democrat,0,0,N,N,NA
M,18-24,2,Democrat,0,0,N,N,NA
M,35-44,3,Independent,0,0,N,N,NA
F,25-34,3,Democrat,0,0,N,N,NA
F,55-64,1,Democrat,0,0,N,N,NA
M,18-24,1,Democrat,0,0,N,N,NA
M,65+,2,Independent,0,0,N,N,NA
M,65+,2,Democrat,0,0,N,N,NA
F,35-44,1,Independent,0,0,N,N,NA
M,18-24,1,Democrat,0,0,N,N,NA
F,25-34,3,Democrat,0,0,N,N,NA
F,65+,1,Other,0,0,N,N,NA
F,18-24,3,Democrat,0,0,N,N,NA
M,25-34,1,Democrat,0,0,N,N,NA
M,65+,2,Democrat,0,0,N,N,NA
M,25-34,1,Democrat,0,0,N,N,NA
F,18-24,1,Democrat,0,0,N,N,NA
M,18-24,3,Democrat,0,0,N,N,NA
F,65+,2,Other,0,0,N,N,NA
F,65+,3,Democrat,0,0,N,N,NA
F,25-34,2,Democrat,0,0,N,N,NA
M,65+,2,Democrat,0,0,N,N,NA
F,18-24,3,Democrat,1,46,N,N,NA
M,65+,3,Democrat,0,0,N,N,NA
M,35-44,3,Democrat,0,0,N,N,NA
F,25-34,1,Democrat,0,0,N,N,NA
F,65+,3,Democrat,0,0,N,N,NA
M,18-24,1,Democrat,0,0,N,N,NA
F,65+,3,Independent,0,0,N,N,NA
F,65+,3,Democrat,0,0,N,N,NA
M,18-24,3,Democrat,0,0,N,Y,Email
M,18-24,2,Democrat,0,0,N,N,NA
F,18-24,2,Democrat,0,0,N,N,NA
M,35-44,1,Democrat,0,0,N,N,NA
M,35-44,2,Democrat,0,0,N,N,NA
F,18-24,1,Democrat,0,0,N,N,NA
M,45-54,3,Democrat,0,0,N,N,NA
F,18-24,3,Democrat,1,27,N,N,NA
M,18-24,3,Other,0,0,N,N,NA
M,25-34,2,Democrat,0,0,N,N,NA
M,18-24,3,Democrat,0,0,N,N,NA
F,65+,2,Independent,0,0,Y,N,NA
F,25-34,2,Democrat,0,0,N,N,NA
F,25-34,2,Democrat,0,0,N,N,NA
M,18-24,2,Democrat,0,0,N,N,NA
F,65+,2,Independent,0,0,N,N,NA
M,65+,3,Independent,0,0,N,N,NA
M,35-44,3,Democrat,0,0,N,N,NA
F,45-54,3,Democrat,0,0,Y,N,NA
M,65+,2,Democrat,0,0,N,N,NA
F,18-24,1,Democrat,0,0,N,N,NA
M,65+,2,Democrat,0,0,N,N,NA
M,65+,3,Democrat,1,44,Y,Y,Twitter
F,55-64,1,Democrat,1,25,N,N,NA
M,18-24,1,Independent,0,0,N,N,NA
F,25-34,1,Democrat,0,0,N,N,NA
F,65+,1,Democrat,0,0,N,N,NA
M,65+,1,Democrat,0,0,N,N,NA
M,65+,1,Independent,0,0,N,N,NA
F,25-34,2,Democrat,0,0,N,N,NA
F,55-64,3,Independent,0,0,N,N,NA
M,18-24,2,Democrat,0,0,N,N,NA
M,55-64,3,Democrat,0,0,N,N,NA
F,45-54,2,Democrat,0,0,N,N,NA
M,35-44,3,Democrat,0,0,N,N,NA
M,18-24,3,Democrat,0,0,N,N,NA
F,65+,2,Democrat,0,0,N,Y,Email
M,45-54,3,Independent,0,0,Y,N,NA
F,18-24,2,Democrat,0,0,N,N,NA
M,65+,1,Democrat,0,0,N,N,NA
F,18-24,2,Democrat,0,0,N,N,NA
M,65+,2,Democrat,0,0,N,N,NA
M,18-24,3,Democrat,0,0,N,N,NA
M,65+,2,Independent,0,0,N,N,NA
M,25-34,2,Democrat,0,0,N,N,NA
M,18-24,2,Democrat,0,0,N,N,NA
M,25-34,3,Democrat,0,0,N,N,NA
F,55-64,3,Other,0,0,N,N,NA
M,25-34,2,Democrat,0,0,N,N,NA
M,18-24,3,Democrat,0,0,N,N,NA
M,35-44,2,Democrat,1,21,N,N,NA
M,65+,1,Other,0,0,N,N,NA
F,55-64,1,Independent,0,0,N,N,NA
F,18-24,1,Democrat,0,0,N,N,NA
M,45-54,2,Democrat,0,0,N,Y,Email
M,18-24,3,Democrat,0,0,N,N,NA
M,18-24,1,Other,0,0,N,N,NA
F,35-44,3,Independent,0,0,N,N,NA
F,55-64,3,Democrat,0,0,N,N,NA
M,18-24,3,Democrat,0,0,N,N,NA
M,25-34,2,Independent,0,0,N,N,NA
M,18-24,3,Independent,0,0,N,N,NA
F,65+,3,Democrat,0,0,N,N,NA
M,25-34,2,Independent,0,0,N,N,NA
M,35-44,2,Democrat,0,0,N,N,NA
M,18-24,3,Democrat,0,0,N,N,NA
M,18-24,3,Democrat,0,0,N,N,NA
F,45-54,3,Democrat,0,0,N,Y,Twitter
M,55-64,3,Other,0,0,N,N,NA
F,35-44,2,Democrat,0,0,N,N,NA
F,65+,1,Democrat,0,0,N,N,NA
M,65+,3,Democrat,0,0,N,N,NA
F,45-54,3,Democrat,0,0,N,N,NA
M,65+,1,Democrat,0,0,N,N,NA
F,25-34,2,Democrat,0,0,N,N,NA
F,65+,1,Democrat,0,0,N,N,NA
M,45-54,1,Democrat,0,0,Y,N,NA
F,25-34,2,Democrat,0,0,N,N,NA
M,25-34,1,Independent,0,0,N,N,NA
M,65+,2,Democrat,0,0,N,N,NA
M,65+,2,Independent,0,0,N,N,NA
M,18-24,2,Democrat,0,0,Y,N,NA
F,18-24,3,Democrat,0,0,N,N,NA
F,35-44,2,Democrat,0,0,N,N,NA
F,18-24,2,Democrat,0,0,N,N,NA
M,35-44,2,Other,0,0,N,N,NA
F,65+,1,Democrat,0,0,N,N,NA
F,25-34,3,Democrat,0,0,N,N,NA
F,18-24,2,Democrat,0,0,N,N,NA
M,25-34,2,Democrat,0,0,N,N,NA
M,65+,2,Democrat,0,0,N,N,NA
F,45-54,2,Democrat,0,0,N,N,NA
M,25-34,3,Democrat,0,0,N,N,NA
F,18-24,2,Independent,0,0,N,N,NA
F,65+,1,Democrat,0,0,N,N,NA
M,45-54,3,Democrat,0,0,N,N,NA
F,25-34,1,Independent,0,0,N,N,NA
M,65+,3,Democrat,0,0,N,N,NA
M,25-34,1,Independent,0,0,N,N,NA
M,25-34,1,Democrat,0,0,N,N,NA
M,45-54,3,Independent,0,0,N,N,NA
F,18-24,2,Democrat,0,0,N,N,NA
M,65+,2,Democrat,0,0,N,Y,Email
M,55-64,1,Democrat,1,17,N,N,NA
M,25-34,1,Democrat,0,0,Y,N,NA
M,25-34,2,Independent,0,0,N,N,NA
M,55-64,1,Democrat,0,0,N,N,NA
M,65+,3,Independent,0,0,N,N,NA
F,55-64,2,Independent,0,0,N,N,NA
M,65+,3,Democrat,0,0,N,Y,Twitter
F,45-54,1,Democrat,0,0,N,N,NA
F,25-34,1,Democrat,0,0,Y,N,NA
M,45-54,1,Democrat,0,0,N,Y,Twitter
F,65+,1,Independent,0,0,N,N,NA
M,65+,2,Democrat,0,0,N,Y,Email
F,18-24,1,Democrat,0,0,N,N,NA
M,65+,2,Democrat,0,0,N,N,NA
M,65+,1,Democrat,0,0,N,Y,Email
F,55-64,3,Democrat,0,0,N,N,NA
F,65+,2,Democrat,0,0,N,N,NA
M,25-34,2,Democrat,0,0,N,N,NA
M,18-24,1,Democrat,0,0,N,N,NA
M,45-54,3,Democrat,0,0,N,N,NA
F,25-34,2,Democrat,0,0,N,Y,Email
M,65+,1,Democrat,0,0,N,N,NA
M,35-44,3,Independent,0,0,N,N,NA
F,65+,1,Democrat,0,0,N,N,NA
M,25-34,1,Democrat,0,0,N,N,NA
M,18-24,1,Democrat,0,0,N,Y,Email
M,65+,2,Independent,0,0,N,N,NA
F,35-44,3,Democrat,0,0,N,N,NA
M,55-64,3,Democrat,0,0,N,N,NA
F,25-34,1,Democrat,0,0,N,N,NA
M,25-34,3,Other,0,0,N,N,NA
M,65+,1,Independent,0,0,N,N,NA
M,18-24,1,Independent,0,0,N,N,NA
M,35-44,1,Democrat,0,0,N,N,NA
M,65+,2,Independent,0,0,N,N,NA
M,45-54,3,Other,0,0,N,N,NA
M,18-24,3,Democrat,0,0,N,N,NA
F,65+,1,Democrat,0,0,N,N,NA
F,18-24,3,Democrat,0,0,Y,N,NA
F,18-24,3,Democrat,0,0,N,N,NA
M,55-64,2,Independent,0,0,N,N,NA
F,65+,3,Democrat,0,0,N,N,NA
F,25-34,3,Democrat,0,0,N,N,NA
M,18-24,2,Independent,0,0,N,N,NA
M,25-34,3,Democrat,0,0,N,N,NA
M,45-54,2,Democrat,0,0,N,N,NA
M,55-64,1,Democrat,0,0,N,N,NA
F,35-44,2,Democrat,0,0,N,N,NA
F,65+,1,Other,0,0,N,N,NA
F,25-34,3,Democrat,0,0,N,N,NA
F,18-24,1,Other,0,0,N,N,NA
M,18-24,3,Democrat,0,0,N,N,NA
M,18-24,2,Democrat,0,0,N,N,NA
F,65+,3,Democrat,0,0,N,N,NA
F,25-34,3,Democrat,0,0,N,N,NA
F,35-44,3,Democrat,1,34,N,N,NA
M,35-44,1,Independent,0,0,N,N,NA
F,65+,3,Democrat,0,0,N,Y,Twitter
M,35-44,2,Democrat,0,0,N,N,NA
M,65+,2,Democrat,0,0,N,N,NA
F,65+,3,Democrat,0,0,N,N,NA
M,25-34,3,Democrat,0,0,N,N,NA
M,25-34,1,Democrat,0,0,N,N,NA
F,25-34,3,Democrat,0,0,N,N,NA
M,25-34,1,Independent,0,0,N,N,NA
F,25-34,1,Democrat,0,0,N,N,NA
M,25-34,1,Independent,0,0,N,N,NA
M,65+,3,Independent,0,0,N,N,NA
M,65+,1,Democrat,1,23,N,N,NA
F,45-54,2,Democrat,0,0,N,N,NA
F,18-24,2,Democrat,0,0,N,N,NA
M,65+,1,Democrat,0,0,N,N,NA
F,55-64,3,Independent,0,0,N,N,NA
F,25-34,2,Other,0,0,N,N,NA
F,55-64,1,Other,0,0,N,N,NA
F,18-24,1,Democrat,0,0,N,N,NA
F,45-54,3,Independent,0,0,N,N,NA
M,35-44,1,Independent,0,0,N,N,NA
F,35-44,2,Democrat,0,0,N,N,NA
F,25-34,1,Democrat,0,0,N,N,NA
F,45-54,1,Democrat,1,21,N,N,NA
F,65+,1,Independent,0,0,N,N,NA
F,35-44,3,Democrat,0,0,N,N,NA
F,65+,3,Independent,0,0,N,Y,Email
M,65+,1,Democrat,0,0,N,N,NA
F,18-24,1,Democrat,0,0,N,N,NA
M,18-24,1,Democrat,0,0,Y,Y,Email
F,18-24,1,Democrat,0,0,N,Y,Twitter
F,18-24,1,Democrat,0,0,N,N,NA
M,35-44,2,Democrat,0,0,N,N,NA
F,45-54,3,Democrat,0,0,N,N,NA
M,35-44,1,Democrat,0,0,N,N,NA
M,65+,3,Democrat,0,0,N,Y,Email
F,18-24,2,Independent,0,0,N,N,NA
F,35-44,1,Democrat,0,0,N,N,NA
M,65+,3,Democrat,0,0,N,N,NA
F,65+,2,Democrat,0,0,N,N,NA
M,65+,2,Democrat,0,0,N,N,NA
M,18-24,3,Independent,0,0,N,N,NA
M,25-34,3,Independent,0,0,N,N,NA
M,65+,2,Democrat,0,0,N,N,NA
F,55-64,2,Democrat,0,0,N,N,NA
F,65+,2,Other,1,11,N,N,NA
F,45-54,1,Democrat,0,0,N,N,NA
F,55-64,1,Democrat,0,0,N,N,NA
M,18-24,3,Democrat,0,0,N,N,NA
F,18-24,3,Democrat,0,0,N,N,NA
M,35-44,3,Independent,0,0,N,N,NA
M,25-34,1,Democrat,0,0,N,N,NA
F,35-44,1,Democrat,0,0,N,N,NA
M,18-24,1,Other,0,0,N,N,NA
M,55-64,2,Democrat,0,0,N,N,NA
M,55-64,3,Democrat,0,0,N,N,NA
F,35-44,1,Democrat,0,0,N,N,NA
F,18-24,1,Democrat,0,0,N,N,NA
M,65+,2,Democrat,0,0,N,N,NA
F,25-34,2,Democrat,0,0,N,N,NA
M,65+,1,Democrat,0,0,N,N,NA
M,45-54,2,Democrat,0,0,N,Y,Email
F,55-64,1,Democrat,0,0,N,N,NA
M,18-24,2,Independent,0,0,N,N,NA
M,45-54,3,Democrat,0,0,N,N,NA
M,65+,1,Independent,0,0,N,N,NA
M,35-44,1,Democrat,0,0,Y,Y,Twitter
F,65+,1,Democrat,0,0,N,N,NA
M,18-24,2,Other,0,0,N,N,NA
M,55-64,2,Democrat,0,0,N,N,NA
M,65+,3,Independent,0,0,N,N,NA
M,55-64,1,Democrat,0,0,N,N,NA
M,18-24,3,Democrat,0,0,N,N,NA
F,55-64,2,Democrat,0,0,N,N,NA
F,55-64,2,Democrat,0,0,N,N,NA
F,25-34,2,Independent,0,0,N,N,NA
F,65+,1,Democrat,0,0,N,N,NA
F,45-54,3,Democrat,0,0,N,N,NA
F,55-64,1,Other,0,0,N,N,NA
F,55-64,2,Democrat,0,0,N,N,NA
F,25-34,1,Independent,0,0,N,N,NA
F,18-24,2,Democrat,0,0,N,N,NA
M,65+,2,Democrat,0,0,N,N,NA
M,25-34,1,Independent,0,0,N,N,NA
M,25-34,1,Independent,0,0,N,N,NA
F,35-44,3,Democrat,1,51,N,N,NA
F,45-54,1,Independent,0,0,N,N,NA
M,65+,3,Democrat,0,0,N,N,NA
M,35-44,2,Other,0,0,N,N,NA
M,18-24,1,Democrat,0,0,N,N,NA
F,18-24,1,Democrat,0,0,N,N,NA
F,25-34,3,Democrat,1,32,N,N,NA
F,65+,1,Democrat,0,0,N,N,NA
F,65+,2,Democrat,0,0,N,N,NA
M,65+,2,Democrat,0,0,N,Y,Email
M,65+,2,Democrat,0,0,N,N,NA
M,18-24,3,Other,0,0,N,N,NA
F,25-34,2,Democrat,0,0,N,N,NA
F,18-24,2,Democrat,0,0,N,N,NA
F,25-34,1,Democrat,0,0,Y,N,NA
F,55-64,3,Democrat,0,0,N,Y,Email
M,35-44,3,Democrat,0,0,N,N,NA
M,45-54,2,Democrat,0,0,N,N,NA
M,18-24,1,Independent,0,0,N,N,NA
F,65+,3,Democrat,0,0,N,Y,Email
F,35-44,3,Independent,0,0,N,N,NA
F,25-34,2,Democrat,0,0,N,N,NA
M,65+,1,Democrat,0,0,N,Y,Email
F,18-24,2,Independent,1,18,N,N,NA
M,18-24,2,Independent,0,0,N,Y,Email
F,65+,1,Independent,0,0,N,N,NA
M,35-44,3,Democrat,0,0,N,N,NA
F,55-64,1,Other,0,0,N,N,NA
M,55-64,2,Independent,0,0,N,N,NA
M,35-44,1,Democrat,0,0,N,N,NA
F,65+,2,Other,0,0,N,N,NA
M,18-24,2,Democrat,0,0,N,N,NA
F,25-34,2,Independent,0,0,N,N,NA
F,65+,1,Democrat,0,0,N,Y,Email
M,18-24,2,Independent,0,0,N,N,NA
M,35-44,3,Other,0,0,N,N,NA
F,35-44,3,Democrat,0,0,N,N,NA
F,25-34,3,Other,0,0,N,N,NA
M,18-24,1,Democrat,0,0,N,N,NA
M,65+,2,Independent,0,0,N,N,NA
M,55-64,2,Democrat,0,0,N,N,NA
M,25-34,3,Democrat,0,0,N,N,NA
F,65+,3,Democrat,0,0,N,N,NA
M,65+,1,Democrat,0,0,N,N,NA
M,65+,2,Democrat,0,0,N,N,NA
M,35-44,2,Independent,0,0,N,N,NA
M,25-34,1,Democrat,1,27,N,N,NA
M,65+,1,Democrat,0,0,N,N,NA
M,45-54,2,Democrat,0,0,N,N,NA
F,18-24,3,Democrat,0,0,N,N,NA
F,65+,3,Other,0,0,N,N,NA
F,18-24,1,Democrat,0,0,N,N,NA
F,25-34,2,Other,0,0,N,N,NA
F,65+,3,Democrat,0,0,N,N,NA
F,25-34,3,Independent,1,22,N,Y,Email
F,35-44,1,Democrat,0,0,N,N,NA
M,55-64,2,Democrat,0,0,N,N,NA
F,18-24,2,Democrat,0,0,N,N,NA
M,25-34,1,Democrat,0,0,N,N,NA
M,45-54,3,Democrat,0,0,N,N,NA
F,65+,3,Other,0,0,N,N,NA
M,35-44,1,Democrat,0,0,N,N,NA
M,18-24,2,Democrat,0,0,N,N,NA
M,25-34,1,Democrat,0,0,N,N,NA
F,18-24,3,Democrat,0,0,N,N,NA
F,35-44,1,Democrat,0,0,N,N,NA
M,65+,3,Democrat,0,0,N,N,NA
M,65+,2,Democrat,0,0,N,N,NA
M,18-24,1,Democrat,0,0,Y,N,NA
F,65+,3,Democrat,0,0,N,N,NA
M,18-24,2,Democrat,0,0,N,N,NA
F,18-24,1,Democrat,0,0,N,Y,Twitter
F,65+,1,Democrat,0,0,N,N,NA
M,18-24,2,Democrat,0,0,N,N,NA
M,65+,1,Independent,0,0,N,N,NA
M,55-64,1,Democrat,0,0,N,N,NA
F,65+,1,Democrat,0,0,N,Y,Email
F,18-24,3,Democrat,0,0,N,N,NA
F,35-44,2,Democrat,0,0,N,N,NA
F,18-24,2,Independent,0,0,N,N,NA
F,25-34,3,Independent,1,35,N,N,NA
F,25-34,3,Independent,0,0,N,N,NA
F,18-24,2,Democrat,0,0,N,N,NA
M,65+,1,Democrat,0,0,N,N,NA
M,55-64,3,Democrat,0,0,N,N,NA
F,35-44,3,Independent,0,0,N,Y,Email
F,25-34,1,Democrat,0,0,N,N,NA
M,65+,1,Democrat,0,0,N,N,NA
F,18-24,1,Democrat,1,33,N,N,NA
M,45-54,3,Democrat,0,0,N,Y,Twitter
F,18-24,1,Democrat,0,0,N,N,NA
M,65+,2,Other,0,0,N,N,NA
M,18-24,1,Democrat,0,0,N,N,NA
F,18-24,2,Democrat,0,0,N,N,NA
F,25-34,1,Democrat,0,0,N,N,NA
F,25-34,1,Democrat,0,0,N,N,NA
F,45-54,3,Other,0,0,N,N,NA
M,18-24,3,Democrat,0,0,N,N,NA
F,65+,1,Democrat,0,0,N,N,NA
F,65+,3,Democrat,0,0,N,N,NA
M,18-24,1,Other,0,0,N,N,NA
F,25-34,3,Democrat,0,0,N,N,NA
M,65+,2,Democrat,0,0,N,N,NA
F,65+,2,Democrat,0,0,N,N,NA
F,45-54,1,Independent,0,0,N,N,NA
F,25-34,1,Independent,0,0,N,N,NA
F,55-64,3,Independent,0,0,N,N,NA
F,65+,3,Independent,0,0,N,N,NA
F,35-44,3,Democrat,0,0,N,N,NA
F,65+,2,Independent,0,0,N,N,NA
F,18-24,2,Democrat,0,0,N,N,NA
F,18-24,2,Democrat,0,0,N,N,NA
M,65+,1,Independent,0,0,N,N,NA
M,45-54,3,Independent,0,0,N,N,NA
M,18-24,2,Democrat,0,0,N,N,NA
M,65+,1,Independent,0,0,N,N,NA
M,65+,1,Democrat,0,0,N,N,NA
M,35-44,2,Democrat,0,0,N,N,NA
F,25-34,3,Democrat,0,0,N,N,NA
F,65+,1,Democrat,0,0,N,N,NA
M,25-34,1,Democrat,0,0,N,N,NA
F,65+,2,Democrat,0,0,N,Y,Email
M,35-44,1,Independent,0,0,N,N,NA
M,65+,2,Democrat,0,0,N,N,NA
F,45-54,2,Democrat,0,0,N,Y,Email
F,65+,2,Other,0,0,N,N,NA
M,55-64,2,Democrat,0,0,N,N,NA
M,25-34,1,Democrat,0,0,Y,N,NA
F,65+,2,Independent,0,0,N,N,NA
M,25-34,3,Democrat,0,0,N,N,NA
F,25-34,2,Independent,0,0,N,N,NA
M,65+,1,Democrat,0,0,N,N,NA
M,18-24,2,Other,0,0,N,N,NA
M,25-34,1,Democrat,0,0,Y,N,NA
F,45-54,2,Democrat,0,0,N,N,NA
F,18-24,1,Democrat,0,0,N,N,NA
M,45-54,1,Democrat,0,0,N,N,NA
M,18-24,1,Democrat,0,0,N,N,NA
F,65+,1,Democrat,0,0,N,N,NA
M,25-34,2,Democrat,0,0,N,N,NA
F,55-64,2,Independent,0,0,N,N,NA
F,65+,1,Independent,0,0,N,Y,Email
F,35-44,3,Independent,0,0,N,N,NA
M,18-24,3,Independent,0,0,N,N,NA
F,65+,1,Independent,0,0,N,N,NA
F,25-34,3,Democrat,0,0,N,N,NA
F,18-24,1,Democrat,0,0,N,N,NA
F,18-24,1,Other,0,0,N,N,NA
M,45-54,3,Other,0,0,N,N,NA
M,55-64,1,Other,0,0,N,N,NA
M,25-34,2,Democrat,0,0,N,N,NA
F,18-24,3,Democrat,0,0,N,N,NA
M,65+,2,Democrat,0,0,N,N,NA
M,18-24,1,Independent,0,0,N,N,NA
F,25-34,3,Independent,0,0,N,N,NA
M,65+,1,Democrat,0,0,N,N,NA
F,65+,2,Democrat,0,0,N,N,NA
F,65+,2,Other,0,0,N,N,NA
M,55-64,3,Democrat,0,0,N,N,NA
M,18-24,3,Democrat,0,0,N,N,NA
F,65+,3,Independent,0,0,N,N,NA
M,25-34,1,Democrat,0,0,N,N,NA
M,65+,1,Democrat,0,0,N,N,NA
M,65+,3,Democrat,0,0,N,N,NA
F,65+,3,Independent,0,0,N,N,NA
M,65+,2,Democrat,0,0,N,N,NA
F,55-64,2,Democrat,0,0,N,N,NA
M,65+,3,Other,0,0,N,N,NA
F,18-24,1,Democrat,0,0,N,N,NA
M,18-24,2,Democrat,0,0,N,N,NA
M,18-24,2,Democrat,0,0,N,N,NA
F,65+,2,Democrat,0,0,N,N,NA
F,18-24,1,Democrat,0,0,N,N,NA
M,35-44,2,Democrat,0,0,N,N,NA
F,18-24,3,Democrat,0,0,N,N,NA
M,65+,1,Democrat,0,0,N,N,NA
F,18-24,3,Independent,0,0,N,N,NA
M,45-54,1,Democrat,0,0,N,N,NA
M,25-34,1,Democrat,0,0,N,N,NA
M,18-24,3,Other,0,0,N,Y,Twitter
F,18-24,2,Democrat,0,0,Y,N,NA
M,18-24,2,Independent,0,0,N,N,NA
F,25-34,2,Democrat,0,0,N,N,NA
M,65+,3,Independent,0,0,N,N,NA
M,65+,3,Democrat,0,0,N,N,NA
M,18-24,2,Democrat,0,0,N,N,NA
M,65+,2,Democrat,0,0,Y,N,NA
F,35-44,3,Independent,0,0,N,N,NA
F,25-34,1,Democrat,0,0,N,N,NA
M,55-64,1,Democrat,0,0,N,N,NA
M,18-24,2,Democrat,0,0,N,N,NA
F,65+,1,Democrat,0,0,N,N,NA
M,65+,3,Independent,0,0,N,N,NA
F,35-44,3,Democrat,0,0,N,N,NA
M,25-34,1,Independent,0,0,N,N,NA
F,35-44,3,Democrat,0,0,N,N,NA
F,65+,1,Democrat,0,0,N,N,NA
F,55-64,3,Independent,0,0,N,N,NA
M,55-64,3,Independent,0,0,N,N,NA
F,65+,2,Democrat,0,0,N,Y,Email
M,35-44,1,Independent,0,0,N,N,NA
M,35-44,2,Independent,0,0,N,N,NA
F,18-24,1,Democrat,0,0,N,N,NA
F,55-64,3,Independent,0,0,N,N,NA
M,18-24,1,Democrat,0,0,N,N,NA
F,55-64,3,Other,0,0,N,N,NA
F,55-64,1,Democrat,0,0,N,N,NA
M,18-24,1,Independent,0,0,N,N,NA
F,35-44,2,Independent,0,0,Y,N,NA
M,65+,1,Democrat,0,0,N,N,NA
F,65+,1,Democrat,0,0,N,N,NA
M,65+,1,Democrat,0,0,N,N,NA
F,65+,1,Democrat,0,0,N,N,NA
M,55-64,1,Independent,0,0,N,N,NA
M,55-64,1,Democrat,0,0,N,N,NA
M,45-54,1,Democrat,0,0,N,N,NA
F,65+,3,Democrat,0,0,N,N,NA
M,65+,2,Democrat,0,0,N,N,NA
F,65+,1,Democrat,0,0,N,N,NA
M,18-24,3,Democrat,0,0,N,N,NA
F,18-24,2,Democrat,0,0,N,N,NA
F,55-64,1,Democrat,0,0,N,N,NA
M,55-64,3,Democrat,0,0,N,N,NA
M,18-24,2,Democrat,0,0,N,N,NA
F,18-24,1,Democrat,0,0,N,N,NA
M,25-34,1,Democrat,0,0,N,Y,Email
F,18-24,1,Democrat,0,0,N,N,NA
F,65+,2,Democrat,0,0,N,N,NA
F,35-44,3,Democrat,0,0,N,N,NA
M,18-24,3,Other,0,0,N,N,NA
M,65+,1,Democrat,0,0,N,N,NA
F,18-24,1,Democrat,0,0,N,N,NA
M,65+,3,Democrat,0,0,N,N,NA
M,35-44,3,Independent,0,0,N,N,NA
M,25-34,3,Independent,0,0,N,N,NA
F,65+,3,Other,0,0,N,N,NA
F,25-34,2,Democrat,1,19,N,N,NA
M,25-34,1,Democrat,0,0,N,N,NA
F,18-24,2,Democrat,0,0,N,N,NA
F,65+,3,Democrat,0,0,N,N,NA
F,18-24,3,Independent,0,0,N,N,NA
F,65+,2,Independent,0,0,N,Y,Email
M,25-34,3,Democrat,0,0,N,N,NA
M,25-34,3,Democrat,1,30,N,N,NA
M,65+,3,Democrat,0,0,N,N,NA
M,65+,3,Independent,1,15,N,N,NA
M,55-64,1,Democrat,0,0,N,N,NA
M,65+,3,Democrat,0,0,N,N,NA
M,35-44,3,Democrat,0,0,N,N,NA
M,45-54,3,Independent,0,0,N,N,NA
F,25-34,3,Democrat,0,0,N,Y,Email
F,55-64,1,Democrat,0,0,N,N,NA
F,65+,2,Democrat,0,0,N,N,NA
M,25-34,2,Democrat,0,0,N,N,NA
F,65+,2,Democrat,0,0,N,N,NA
F,18-24,2,Democrat,0,0,N,N,NA
M,35-44,2,Democrat,0,0,N,N,NA
M,35-44,2,Democrat,0,0,N,N,NA
F,35-44,1,Democrat,0,0,N,N,NA
F,18-24,3,Democrat,0,0,N,N,NA
F,18-24,1,Democrat,0,0,N,N,NA
F,18-24,3,Democrat,0,0,N,N,NA
F,18-24,1,Democrat,0,0,N,N,NA
M,25-34,1,Democrat,0,0,N,N,NA
F,18-24,1,Other,0,0,N,N,NA
M,18-24,2,Democrat,0,0,N,N,NA
M,25-34,2,Independent,0,0,N,N,NA
F,35-44,2,Democrat,1,22,N,Y,Email
F,35-44,2,Democrat,1,18,N,Y,Email
M,25-34,3,Other,0,0,N,N,NA
M,55-64,2,Democrat,0,0,N,N,NA
F,55-64,2,Democrat,0,0,N,N,NA
M,65+,3,Independent,0,0,N,N,NA
M,18-24,2,Other,0,0,N,N,NA
M,35-44,3,Independent,0,0,N,N,NA
F,18-24,1,Independent,0,0,N,N,NA
F,25-34,3,Independent,0,0,N,N,NA
M,65+,1,Other,0,0,N,N,NA
F,35-44,3,Independent,0,0,N,N,NA
F,65+,2,Democrat,0,0,N,N,NA
F,18-24,2,Independent,0,0,N,N,NA
M,25-34,1,Other,0,0,N,N,NA
M,55-64,1,Other,1,13,N,N,NA
F,25-34,1,Independent,0,0,N,Y,Email
M,18-24,3,Democrat,0,0,N,N,NA
M,55-64,3,Democrat,0,0,N,N,NA
F,25-34,3,Democrat,1,42,N,N,NA
F,35-44,2,Democrat,0,0,N,N,NA
M,25-34,1,Democrat,0,0,N,N,NA
M,25-34,1,Democrat,1,27,N,N,NA
M,65+,3,Independent,0,0,N,N,NA
M,18-24,2,Democrat,1,22,N,N,NA
F,25-34,2,Independent,0,0,N,N,NA
F,18-24,1,Democrat,0,0,N,N,NA
M,18-24,1,Other,0,0,N,N,NA
F,18-24,2,Independent,0,0,Y,N,NA
F,25-34,3,Democrat,0,0,N,N,NA
M,18-24,1,Democrat,0,0,N,N,NA
M,18-24,3,Democrat,0,0,N,N,NA
M,18-24,1,Democrat,0,0,N,N,NA
F,25-34,2,Independent,1,23,N,N,NA
F,65+,3,Democrat,0,0,N,N,NA
F,65+,1,Democrat,1,18,N,N,NA
F,45-54,1,Democrat,0,0,N,N,NA
M,35-44,1,Democrat,0,0,N,N,NA
F,65+,2,Democrat,0,0,N,N,NA
M,65+,3,Democrat,0,0,N,N,NA
F,25-34,1,Democrat,0,0,N,N,NA
F,25-34,3,Democrat,0,0,N,N,NA
F,18-24,1,Democrat,0,0,N,N,NA
M,35-44,3,Independent,0,0,N,N,NA
M,65+,1,Democrat,0,0,N,N,NA
F,18-24,3,Independent,0,0,N,N,NA
F,25-34,3,Democrat,0,0,N,Y,Email
M,35-44,3,Democrat,0,0,N,N,NA
M,18-24,2,Democrat,0,0,N,N,NA
M,18-24,3,Democrat,0,0,N,N,NA
M,65+,1,Democrat,0,0,N,N,NA
M,55-64,3,Democrat,0,0,N,N,NA
F,25-34,1,Democrat,0,0,N,N,NA
M,35-44,3,Other,0,0,N,N,NA
F,25-34,3,Independent,0,0,N,N,NA
F,25-34,2,Democrat,0,0,N,N,NA
F,45-54,1,Independent,0,0,N,N,NA
M,65+,2,Other,0,0,N,N,NA
F,25-34,1,Independent,0,0,N,N,NA
F,18-24,3,Democrat,0,0,N,N,NA
M,25-34,1,Independent,0,0,N,N,NA
F,65+,2,Democrat,0,0,N,N,NA
F,45-54,3,Democrat,0,0,N,N,NA
M,65+,1,Democrat,0,0,N,N,NA
M,45-54,2,Other,0,0,N,N,NA
F,18-24,2,Independent,0,0,N,N,NA
F,25-34,3,Democrat,0,0,N,N,NA
F,65+,3,Independent,0,0,N,N,NA
M,55-64,1,Democrat,0,0,N,N,NA
M,18-24,1,Democrat,0,0,N,N,NA
M,65+,1,Independent,0,0,N,N,NA
M,25-34,1,Other,0,0,N,N,NA
F,65+,3,Democrat,0,0,N,N,NA
M,25-34,3,Democrat,0,0,N,N,NA
F,65+,2,Independent,0,0,N,N,NA
M,65+,2,Democrat,0,0,N,N,NA
F,65+,3,Democrat,0,0,N,N,NA
M,55-64,3,Independent,0,0,N,N,NA
F,25-34,1,Democrat,0,0,N,N,NA
M,18-24,3,Other,0,0,N,N,NA
F,35-44,2,Democrat,0,0,Y,N,NA
F,65+,3,Democrat,0,0,N,N,NA
M,65+,3,Democrat,0,0,N,N,NA
F,25-34,3,Democrat,0,0,N,N,NA
M,25-34,2,Independent,0,0,N,N,NA
F,55-64,1,Independent,0,0,N,N,NA
M,25-34,3,Democrat,0,0,N,N,NA
F,45-54,3,Independent,0,0,N,N,NA
F,18-24,2,Other,0,0,N,N,NA
M,18-24,3,Independent,0,0,N,N,NA
M,65+,2,Democrat,0,0,N,N,NA
M,18-24,3,Democrat,0,0,N,N,NA
M,55-64,1,Democrat,0,0,N,N,NA
M,45-54,1,Other,0,0,N,N,NA
M,25-34,2,Independent,0,0,N,Y,Email
M,25-34,1,Democrat,0,0,N,N,NA
F,65+,2,Democrat,0,0,N,N,NA
F,65+,2,Democrat,0,0,N,N,NA
M,18-24,1,Independent,0,0,N,N,NA
M,65+,3,Democrat,0,0,N,N,NA
F,55-64,1,Democrat,0,0,N,N,NA
F,65+,3,Democrat,0,0,N,N,NA
M,25-34,3,Other,0,0,N,Y,Email
F,55-64,3,Independent,0,0,Y,N,NA
F,35-44,3,Democrat,0,0,N,N,NA
M,18-24,3,Other,0,0,N,N,NA
F,35-44,2,Independent,0,0,N,N,NA
M,35-44,1,Other,0,0,N,N,NA
M,55-64,1,Democrat,0,0,N,N,NA
F,25-34,2,Democrat,0,0,N,N,NA
M,65+,3,Democrat,0,0,N,N,NA
M,35-44,1,Democrat,0,0,N,N,NA
M,65+,3,Democrat,0,0,N,N,NA
M,25-34,2,Democrat,0,0,N,N,NA
M,65+,2,Democrat,0,0,N,N,NA
M,65+,1,Democrat,0,0,N,N,NA
F,65+,1,Democrat,0,0,N,N,NA
M,35-44,1,Democrat,0,0,N,N,NA
M,35-44,2,Democrat,0,0,N,N,NA
F,25-34,2,Democrat,0,0,N,N,NA
F,25-34,3,Democrat,0,0,N,N,NA
F,45-54,2,Independent,0,0,N,N,NA
F,65+,3,Democrat,0,0,N,N,NA
F,65+,1,Independent,1,12,N,N,NA
F,45-54,3,Other,0,0,N,N,NA
F,65+,1,Independent,1,27,N,N,NA
M,55-64,1,Democrat,0,0,N,N,NA
F,55-64,2,Democrat,0,0,N,N,NA
M,18-24,1,Democrat,0,0,N,N,NA
F,65+,3,Democrat,0,0,N,N,NA
M,18-24,1,Democrat,0,0,N,N,NA
M,25-34,2,Democrat,0,0,N,Y,Twitter
M,25-34,2,Independent,1,13,N,N,NA
F,25-34,1,Democrat,1,22,N,N,NA
M,25-34,3,Independent,0,0,N,N,NA
F,35-44,2,Independent,0,0,N,N,NA
F,18-24,3,Democrat,0,0,N,N,NA
F,18-24,3,Independent,0,0,N,N,NA
F,55-64,2,Democrat,0,0,N,N,NA
F,18-24,3,Democrat,0,0,N,N,NA
M,35-44,2,Democrat,0,0,N,N,NA
F,25-34,3,Democrat,0,0,N,N,NA
F,35-44,2,Democrat,0,0,N,N,NA
M,18-24,1,Democrat,0,0,N,N,NA
F,55-64,1,Democrat,0,0,N,N,NA
M,25-34,3,Democrat,0,0,N,N,NA
F,25-34,3,Democrat,0,0,N,N,NA
F,35-44,2,Democrat,0,0,N,N,NA
M,35-44,1,Democrat,0,0,N,N,NA
F,25-34,3,Democrat,0,0,N,N,NA
F,35-44,3,Independent,0,0,N,N,NA
M,18-24,2,Democrat,0,0,Y,N,NA
F,65+,3,Democrat,0,0,N,N,NA
M,45-54,1,Independent,0,0,N,N,NA
M,35-44,2,Democrat,0,0,N,N,NA
M,18-24,3,Democrat,0,0,N,N,NA
M,18-24,3,Democrat,0,0,N,N,NA
F,65+,1,Democrat,0,0,N,N,NA
F,25-34,1,Democrat,0,0,N,N,NA
F,18-24,3,Democrat,0,0,N,N,NA
F,45-54,1,Democrat,0,0,N,N,NA
F,35-44,3,Democrat,0,0,N,N,NA
F,35-44,1,Democrat,0,0,N,N,NA
M,35-44,3,Democrat,0,0,N,N,NA
F,25-34,2,Democrat,0,0,N,N,NA
M,65+,3,Democrat,0,0,N,N,NA
F,65+,2,Democrat,0,0,N,N,NA
M,55-64,2,Democrat,0,0,N,N,NA
M,25-34,2,Democrat,0,0,N,N,NA
M,35-44,1,Democrat,0,0,N,N,NA
F,25-34,2,Democrat,0,0,N,N,NA
F,65+,2,Other,0,0,N,N,NA
F,45-54,3,Democrat,0,0,N,N,NA
F,65+,2,Independent,0,0,N,N,NA
F,65+,2,Independent,0,0,N,N,NA
F,65+,1,Democrat,0,0,N,N,NA
F,45-54,3,Other,0,0,N,N,NA
M,25-34,2,Independent,0,0,N,N,NA
F,35-44,2,Democrat,0,0,N,Y,Email
F,65+,2,Democrat,0,0,N,N,NA
F,65+,2,Democrat,0,0,N,N,NA
M,18-24,3,Democrat,0,0,N,N,NA
F,18-24,1,Independent,0,0,N,N,NA
M,65+,1,Democrat,0,0,N,N,NA
M,65+,2,Democrat,0,0,N,N,NA
F,55-64,2,Independent,0,0,N,N,NA
F,35-44,2,Democrat,0,0,N,N,NA
F,18-24,3,Democrat,0,0,N,N,NA
F,45-54,3,Democrat,0,0,N,N,NA
M,18-24,3,Independent,0,0,N,N,NA
F,35-44,3,Democrat,1,28,N,N,NA
F,65+,3,Democrat,1,42,N,N,NA
F,18-24,1,Democrat,0,0,N,N,NA
M,18-24,1,Democrat,0,0,N,N,NA
M,65+,3,Democrat,0,0,N,N,NA
F,18-24,2,Democrat,0,0,N,N,NA
F,25-34,1,Democrat,0,0,N,N,NA
F,18-24,3,Independent,0,0,N,N,NA
M,18-24,1,Democrat,0,0,N,N,NA
F,25-34,2,Democrat,0,0,N,N,NA
F,18-24,3,Democrat,0,0,N,N,NA
F,65+,2,Independent,0,0,N,N,NA
F,25-34,3,Democrat,0,0,N,N,NA
F,25-34,1,Democrat,0,0,N,Y,Twitter
F,45-54,3,Democrat,0,0,N,N,NA
F,65+,2,Democrat,0,0,N,N,NA
F,25-34,3,Other,0,0,N,N,NA
M,65+,2,Other,0,0,N,N,NA
F,65+,2,Independent,0,0,N,Y,Email
F,65+,3,Other,1,22,N,N,NA
M,55-64,3,Democrat,0,0,N,N,NA
M,35-44,2,Democrat,0,0,N,N,NA
M,45-54,2,Democrat,0,0,N,N,NA
F,65+,1,Other,0,0,N,N,NA
F,65+,3,Democrat,0,0,N,N,NA
M,25-34,2,Democrat,0,0,N,N,NA
M,65+,1,Democrat,0,0,N,N,NA
F,45-54,2,Other,1,20,N,N,NA
F,65+,3,Democrat,0,0,N,N,NA
F,18-24,2,Democrat,0,0,N,N,NA
M,55-64,3,Other,0,0,N,N,NA
F,55-64,3,Independent,0,0,N,N,NA
M,18-24,3,Democrat,0,0,N,Y,Email
F,35-44,1,Democrat,0,0,N,N,NA
M,25-34,1,Democrat,0,0,N,N,NA
F,65+,2,Independent,0,0,N,N,NA
M,18-24,2,Democrat,0,0,N,N,NA
M,65+,2,Democrat,0,0,N,N,NA
M,25-34,2,Democrat,0,0,N,N,NA
M,55-64,1,Democrat,0,0,N,N,NA
M,25-34,1,Democrat,0,0,N,N,NA
M,18-24,3,Other,0,0,N,N,NA
F,65+,2,Democrat,0,0,N,N,NA
M,65+,3,Democrat,0,0,N,N,NA
M,25-34,3,Democrat,0,0,N,N,NA
M,18-24,1,Democrat,0,0,N,N,NA
F,65+,1,Democrat,0,0,N,N,NA
M,65+,2,Independent,0,0,N,N,NA
M,25-34,3,Democrat,0,0,N,N,NA
M,25-34,2,Other,0,0,N,N,NA
M,65+,2,Democrat,0,0,N,N,NA
F,65+,2,Democrat,0,0,N,N,NA
M,18-24,2,Democrat,0,0,N,N,NA
F,18-24,1,Democrat,1,20,N,N,NA
M,65+,1,Independent,0,0,N,N,NA
F,35-44,3,Democrat,0,0,N,N,NA
M,18-24,2,Democrat,0,0,N,N,NA
F,35-44,2,Democrat,0,0,N,N,NA
M,55-64,3,Independent,0,0,N,N,NA
F,35-44,3,Other,0,0,N,N,NA
M,55-64,3,Democrat,0,0,N,N,NA
M,35-44,2,Democrat,1,28,N,N,NA
F,65+,1,Democrat,0,0,N,N,NA
F,25-34,3,Democrat,0,0,N,N,NA
M,65+,2,Democrat,1,27,N,N,NA
M,45-54,1,Democrat,0,0,N,N,NA
M,18-24,1,Democrat,0,0,N,N,NA
F,35-44,2,Independent,0,0,N,N,NA
M,65+,2,Democrat,0,0,N,N,NA
F,18-24,2,Democrat,0,0,N,N,NA
F,65+,1,Independent,0,0,N,N,NA
F,25-34,2,Democrat,0,0,N,Y,Email
M,65+,2,Democrat,0,0,N,N,NA
F,65+,3,Independent,0,0,N,N,NA
M,65+,2,Democrat,1,19,N,N,NA
F,25-34,3,Democrat,0,0,N,N,NA
F,18-24,1,Democrat,0,0,N,N,NA
F,18-24,3,Democrat,0,0,N,N,NA
M,65+,2,Democrat,0,0,N,N,NA
M,45-54,2,Independent,0,0,N,N,NA
M,65+,1,Democrat,0,0,N,N,NA
F,35-44,2,Democrat,0,0,N,N,NA
M,35-44,1,Democrat,0,0,N,N,NA
M,35-44,2,Democrat,0,0,N,Y,Email
M,35-44,2,Democrat,0,0,N,N,NA
M,25-34,2,Independent,1,23,N,N,NA
M,65+,1,Democrat,0,0,N,N,NA
F,65+,3,Democrat,0,0,N,N,NA
F,35-44,2,Democrat,0,0,N,N,NA
F,65+,2,Democrat,0,0,N,Y,Email
F,55-64,1,Democrat,0,0,N,N,NA
M,55-64,2,Democrat,0,0,N,N,NA
M,65+,2,Democrat,0,0,N,N,NA
M,65+,2,Democrat,0,0,N,N,NA
M,35-44,3,Democrat,0,0,N,N,NA
F,18-24,2,Democrat,0,0,N,N,NA
M,25-34,3,Independent,0,0,N,N,NA
F,65+,2,Democrat,0,0,N,N,NA
F,35-44,2,Democrat,1,16,N,N,NA
F,65+,3,Democrat,0,0,N,N,NA
F,25-34,1,Democrat,0,0,N,Y,Twitter
F,65+,1,Democrat,0,0,N,N,NA
F,65+,2,Democrat,0,0,N,N,NA
M,18-24,3,Democrat,0,0,N,N,NA
M,35-44,2,Democrat,0,0,N,N,NA
F,55-64,1,Democrat,0,0,N,N,NA
M,65+,2,Other,0,0,N,N,NA
M,35-44,1,Other,0,0,N,Y,Email
M,65+,1,Other,0,0,N,Y,Email
M,65+,3,Other,1,15,N,N,NA
M,45-54,2,Independent,0,0,N,N,NA
F,45-54,1,Democrat,0,0,N,N,NA
F,65+,3,Democrat,0,0,N,N,NA
M,18-24,3,Democrat,0,0,N,N,NA
F,18-24,2,Independent,0,0,N,N,NA
M,65+,3,Democrat,0,0,N,N,NA
F,65+,3,Democrat,0,0,N,N,NA
M,18-24,2,Democrat,0,0,N,N,NA
F,18-24,3,Independent,0,0,N,N,NA
M,18-24,3,Independent,0,0,N,N,NA
M,65+,1,Independent,0,0,N,Y,Email
M,45-54,1,Independent,0,0,N,N,NA
M,18-24,2,Democrat,0,0,N,N,NA
F,45-54,3,Independent,0,0,N,N,NA
F,35-44,1,Democrat,0,0,N,N,NA
M,18-24,1,Democrat,0,0,N,N,NA
F,25-34,1,Democrat,0,0,N,N,NA
M,25-34,2,Democrat,0,0,N,N,NA
F,18-24,2,Democrat,0,0,N,N,NA
M,65+,1,Democrat,0,0,N,N,NA
F,35-44,1,Democrat,0,0,N,N,NA
F,25-34,1,Democrat,0,0,N,N,NA
F,55-64,3,Democrat,0,0,N,N,NA
F,35-44,1,Democrat,0,0,N,N,NA
M,25-34,2,Independent,0,0,N,Y,Email
F,65+,2,Independent,0,0,N,N,NA
M,55-64,2,Independent,0,0,N,N,NA
F,18-24,3,Democrat,0,0,N,N,NA
F,55-64,1,Independent,0,0,N,N,NA
M,18-24,1,Democrat,0,0,N,N,NA
F,65+,3,Independent,0,0,N,N,NA
F,18-24,2,Independent,0,0,N,Y,Email
M,65+,3,Other,0,0,N,N,NA
M,65+,2,Other,0,0,N,N,NA
M,18-24,2,Democrat,0,0,N,N,NA
F,65+,3,Democrat,0,0,N,N,NA
M,18-24,3,Independent,0,0,N,N,NA
M,18-24,1,Democrat,0,0,N,N,NA
M,35-44,2,Democrat,0,0,N,N,NA
M,35-44,1,Other,0,0,N,N,NA
F,45-54,3,Democrat,0,0,N,N,NA
F,18-24,2,Democrat,0,0,N,N,NA
M,25-34,3,Democrat,0,0,N,N,NA
F,18-24,2,Democrat,0,0,N,N,NA
M,65+,3,Democrat,0,0,N,N,NA
M,65+,1,Independent,0,0,N,N,NA
M,25-34,2,Democrat,0,0,N,Y,Email
M,65+,1,Democrat,0,0,N,N,NA
F,35-44,2,Democrat,1,25,N,N,NA
M,25-34,1,Independent,0,0,N,N,NA
F,65+,1,Democrat,0,0,N,N,NA
F,18-24,2,Other,0,0,N,N,NA
M,25-34,3,Democrat,0,0,N,N,NA
M,18-24,2,Democrat,0,0,N,N,NA
F,65+,2,Democrat,1,15,N,N,NA
F,65+,1,Democrat,0,0,N,N,NA
M,35-44,1,Democrat,0,0,N,N,NA
M,65+,2,Democrat,0,0,N,N,NA
M,25-34,3,Democrat,0,0,N,N,NA
M,25-34,1,Democrat,0,0,N,N,NA
M,18-24,1,Independent,0,0,N,N,NA
F,25-34,1,Democrat,0,0,N,N,NA
F,18-24,2,Independent,0,0,N,N,NA
F,65+,2,Independent,1,15,N,N,NA
M,65+,2,Democrat,0,0,N,Y,Email
F,18-24,1,Independent,0,0,N,N,NA
M,25-34,2,Democrat,0,0,N,N,NA
F,35-44,1,Independent,0,0,N,N,NA
F,18-24,3,Independent,0,0,N,N,NA
F,65+,3,Democrat,0,0,N,N,NA
F,65+,1,Other,0,0,N,N,NA
M,65+,3,Democrat,0,0,N,N,NA
M,35-44,2,Democrat,0,0,N,N,NA
M,65+,2,Democrat,1,28,N,N,NA
F,25-34,2,Independent,0,0,N,N,NA
M,65+,3,Independent,0,0,N,N,NA
M,55-64,1,Democrat,0,0,N,N,NA
M,65+,2,Democrat,0,0,N,N,NA
M,35-44,2,Other,0,0,N,N,NA
M,35-44,1,Democrat,0,0,N,Y,Email
M,65+,2,Other,0,0,N,N,NA
M,65+,2,Democrat,0,0,N,N,NA
F,25-34,2,Independent,0,0,N,N,NA
M,25-34,2,Democrat,0,0,N,N,NA
F,65+,2,Other,0,0,N,N,NA
F,18-24,3,Independent,0,0,N,N,NA
F,18-24,1,Democrat,0,0,N,N,NA
M,65+,2,Democrat,1,22,N,N,NA
M,55-64,3,Democrat,0,0,N,N,NA
M,55-64,2,Democrat,0,0,N,Y,Twitter
F,65+,1,Democrat,0,0,N,Y,Email
F,45-54,3,Democrat,0,0,N,N,NA
M,35-44,1,Other,0,0,N,N,NA
F,18-24,2,Democrat,0,0,N,N,NA
F,18-24,2,Independent,0,0,N,N,NA
F,65+,2,Democrat,0,0,N,N,NA
M,65+,2,Independent,0,0,N,N,NA
F,65+,3,Democrat,0,0,N,N,NA
F,65+,1,Democrat,0,0,N,N,NA
F,18-24,2,Independent,0,0,N,N,NA
F,65+,1,Democrat,0,0,N,N,NA
F,65+,1,Democrat,0,0,N,N,NA
M,25-34,3,Democrat,0,0,N,N,NA
F,65+,2,Other,0,0,N,N,NA
F,55-64,1,Democrat,0,0,N,N,NA
F,35-44,3,Independent,0,0,N,N,NA
M,65+,3,Democrat,0,0,N,N,NA
M,55-64,1,Independent,1,24,N,Y,Twitter
M,65+,2,Independent,0,0,N,N,NA
F,35-44,1,Democrat,0,0,N,N,NA
F,25-34,1,Democrat,0,0,N,Y,Twitter
F,65+,1,Democrat,1,25,N,N,NA
M,35-44,2,Democrat,0,0,N,N,NA
F,65+,2,Democrat,0,0,N,N,NA
M,55-64,2,Other,0,0,N,N,NA
F,18-24,2,Democrat,0,0,N,N,NA
F,18-24,3,Independent,0,0,N,N,NA
M,25-34,3,Democrat,0,0,N,N,NA
F,65+,1,Independent,0,0,N,N,NA
F,25-34,1,Democrat,0,0,N,N,NA
F,65+,3,Democrat,0,0,N,N,NA
M,65+,3,Democrat,0,0,N,N,NA
M,35-44,1,Democrat,0,0,N,N,NA
F,25-34,2,Independent,0,0,N,N,NA
F,65+,3,Democrat,0,0,N,Y,Email
M,65+,3,Other,0,0,N,N,NA
F,65+,3,Democrat,1,47,N,N,NA
F,45-54,3,Democrat,0,0,N,N,NA
M,55-64,3,Democrat,0,0,N,N,NA
M,45-54,2,Independent,1,28,N,N,NA
M,55-64,1,Democrat,0,0,N,N,NA
M,55-64,2,Democrat,0,0,N,N,NA
F,25-34,3,Democrat,0,0,N,N,NA
F,18-24,3,Democrat,0,0,N,N,NA
F,18-24,3,Democrat,0,0,N,N,NA
M,65+,1,Democrat,0,0,N,N,NA
M,35-44,1,Independent,0,0,N,N,NA
F,18-24,1,Independent,0,0,N,N,NA
F,18-24,2,Democrat,0,0,N,Y,Email
M,35-44,3,Independent,0,0,N,N,NA
F,18-24,3,Democrat,0,0,N,N,NA
F,65+,1,Democrat,0,0,N,N,NA
M,25-34,3,Democrat,0,0,N,N,NA
M,35-44,1,Democrat,0,0,N,N,NA
M,45-54,2,Independent,0,0,N,N,NA
F,25-34,2,Independent,0,0,N,Y,Email
F,18-24,3,Democrat,0,0,N,N,NA
M,45-54,2,Independent,0,0,N,N,NA
F,18-24,3,Democrat,0,0,N,Y,Email
F,35-44,1,Other,0,0,N,N,NA
F,18-24,2,Democrat,0,0,N,N,NA
M,25-34,2,Democrat,0,0,N,N,NA
F,25-34,3,Democrat,0,0,N,N,NA
M,25-34,2,Democrat,0,0,N,N,NA
F,35-44,1,Independent,0,0,N,N,NA
M,55-64,2,Democrat,0,0,N,N,NA
M,18-24,3,Democrat,0,0,N,N,NA
M,65+,3,Independent,0,0,N,N,NA
F,55-64,3,Democrat,0,0,N,N,NA
F,18-24,3,Democrat,0,0,N,N,NA
F,35-44,2,Democrat,0,0,N,N,NA
F,65+,1,Democrat,1,24,N,N,NA
M,45-54,2,Independent,0,0,N,N,NA
F,65+,3,Independent,0,0,N,N,NA
F,55-64,3,Other,0,0,N,N,NA
F,35-44,2,Democrat,0,0,N,N,NA
F,25-34,2,Other,0,0,N,N,NA
F,65+,1,Democrat,0,0,N,N,NA
F,55-64,1,Independent,0,0,N,N,NA
M,55-64,3,Democrat,0,0,N,N,NA
F,55-64,1,Independent,1,18,N,N,NA
F,45-54,3,Democrat,0,0,N,N,NA
M,25-34,2,Democrat,0,0,N,N,NA
F,65+,3,Democrat,0,0,N,N,NA
M,55-64,3,Democrat,0,0,N,N,NA
F,55-64,1,Independent,0,0,N,N,NA
F,65+,2,Independent,0,0,N,N,NA
F,35-44,2,Democrat,0,0,N,N,NA
M,65+,1,Democrat,0,0,N,N,NA
M,18-24,3,Democrat,0,0,N,N,NA
F,25-34,3,Democrat,0,0,N,N,NA
F,18-24,1,Independent,0,0,N,N,NA
M,55-64,2,Democrat,0,0,N,N,NA
M,18-24,1,Independent,0,0,N,N,NA
M,55-64,3,Democrat,0,0,N,N,NA
F,65+,1,Democrat,0,0,N,N,NA
M,65+,1,Democrat,0,0,N,N,NA
M,18-24,3,Democrat,0,0,N,N,NA
F,18-24,1,Democrat,0,0,N,N,NA
M,25-34,2,Democrat,0,0,N,N,NA
F,25-34,3,Other,0,0,N,N,NA
M,18-24,1,Democrat,0,0,N,N,NA
F,18-24,1,Democrat,0,0,N,N,NA
F,25-34,2,Democrat,0,0,N,N,NA
M,25-34,3,Democrat,0,0,N,N,NA
M,18-24,3,Democrat,0,0,N,N,NA
M,18-24,3,Other,0,0,N,N,NA
M,25-34,3,Democrat,0,0,N,N,NA
F,18-24,2,Democrat,0,0,N,N,NA
M,65+,3,Democrat,0,0,N,N,NA
F,55-64,1,Democrat,0,0,N,N,NA
M,18-24,1,Democrat,0,0,N,N,NA
M,35-44,2,Independent,0,0,N,Y,Email
M,65+,3,Democrat,0,0,N,N,NA
F,35-44,3,Democrat,0,0,N,N,NA
M,25-34,1,Democrat,0,0,N,N,NA
F,25-34,3,Democrat,0,0,N,N,NA
F,65+,2,Democrat,0,0,N,N,NA
F,35-44,1,Democrat,0,0,N,N,NA
M,55-64,2,Democrat,0,0,N,N,NA
M,35-44,1,Independent,0,0,N,N,NA
M,65+,2,Independent,0,0,N,N,NA
M,35-44,1,Democrat,0,0,N,N,NA
F,35-44,2,Democrat,0,0,N,N,NA
M,35-44,2,Democrat,0,0,N,N,NA
M,25-34,1,Other,0,0,N,N,NA
F,25-34,2,Democrat,0,0,N,N,NA
F,25-34,2,Democrat,0,0,N,N,NA
M,65+,3,Democrat,0,0,N,N,NA
M,18-24,2,Democrat,0,0,N,N,NA
F,18-24,1,Democrat,0,0,N,N,NA
M,65+,1,Democrat,0,0,N,N,NA
M,25-34,2,Democrat,0,0,N,N,NA
F,25-34,1,Democrat,0,0,N,N,NA
M,35-44,3,Democrat,0,0,N,N,NA
M,25-34,3,Independent,0,0,N,N,NA
F,45-54,2,Other,0,0,N,N,NA
M,65+,1,Democrat,0,0,N,N,NA
F,18-24,2,Democrat,0,0,N,N,NA
F,18-24,3,Democrat,0,0,N,N,NA
F,18-24,3,Democrat,0,0,N,N,NA
F,65+,3,Democrat,0,0,N,N,NA
F,55-64,2,Democrat,0,0,N,N,NA
M,45-54,1,Democrat,0,0,N,N,NA
F,35-44,1,Other,0,0,N,Y,Email
M,65+,3,Democrat,0,0,N,N,NA
F,25-34,1,Democrat,0,0,N,N,NA
M,18-24,2,Democrat,1,25,N,N,NA
F,25-34,3,Democrat,0,0,N,N,NA
M,55-64,3,Democrat,0,0,N,N,NA
M,18-24,2,Democrat,1,23,N,N,NA
M,18-24,1,Democrat,0,0,N,N,NA
M,35-44,1,Democrat,0,0,N,N,NA
F,65+,2,Democrat,0,0,N,N,NA
M,65+,1,Democrat,0,0,N,N,NA
F,65+,3,Democrat,0,0,N,N,NA
M,18-24,3,Democrat,0,0,N,N,NA
F,25-34,2,Democrat,0,0,N,N,NA
F,65+,3,Democrat,1,28,N,N,NA
M,65+,1,Democrat,1,28,N,N,NA
M,45-54,3,Democrat,0,0,N,N,NA
M,18-24,1,Independent,0,0,N,N,NA
M,65+,3,Democrat,0,0,N,N,NA
M,25-34,3,Democrat,0,0,N,N,NA
F,55-64,1,Democrat,0,0,N,N,NA
M,35-44,1,Democrat,0,0,Y,N,NA
M,35-44,1,Democrat,0,0,N,N,NA
F,25-34,1,Independent,0,0,N,N,NA
F,65+,2,Independent,0,0,N,N,NA
M,18-24,2,Democrat,0,0,N,N,NA
M,18-24,1,Democrat,0,0,Y,N,NA
F,65+,2,Democrat,1,32,N,N,NA
M,65+,2,Democrat,0,0,N,N,NA
F,65+,1,Independent,0,0,N,N,NA
F,65+,3,Independent,0,0,N,N,NA
M,55-64,3,Democrat,0,0,N,N,NA
M,65+,3,Democrat,0,0,N,N,NA
F,65+,2,Democrat,0,0,N,N,NA
F,18-24,2,Other,0,0,N,N,NA
M,18-24,3,Democrat,0,0,N,N,NA
M,18-24,3,Independent,0,0,N,N,NA
M,25-34,2,Independent,0,0,N,N,NA
F,65+,1,Democrat,0,0,N,N,NA
M,65+,2,Democrat,0,0,N,N,NA
M,45-54,3,Democrat,0,0,N,N,NA
M,65+,3,Democrat,0,0,N,N,NA
F,65+,3,Independent,0,0,N,N,NA
M,65+,1,Democrat,0,0,N,N,NA
M,18-24,2,Democrat,0,0,N,N,NA
M,55-64,3,Democrat,0,0,N,N,NA
M,55-64,3,Other,0,0,N,N,NA
F,18-24,3,Democrat,0,0,N,Y,Twitter
M,55-64,1,Democrat,1,14,N,N,NA
F,18-24,2,Democrat,0,0,N,N,NA
F,18-24,1,Democrat,0,0,N,N,NA
M,65+,3,Democrat,0,0,N,N,NA
F,25-34,2,Democrat,0,0,N,Y,Email
M,25-34,3,Democrat,0,0,N,N,NA
M,55-64,3,Other,0,0,N,Y,Email
F,45-54,2,Other,0,0,N,N,NA
F,35-44,2,Other,0,0,N,N,NA
M,25-34,3,Democrat,0,0,N,N,NA
F,45-54,2,Democrat,0,0,N,N,NA
F,35-44,1,Independent,0,0,N,N,NA
M,35-44,2,Democrat,0,0,N,N,NA
M,25-34,2,Independent,0,0,N,N,NA
F,18-24,3,Democrat,0,0,N,Y,Twitter
M,65+,2,Other,0,0,Y,N,NA
M,35-44,1,Other,0,0,Y,N,NA
F,18-24,1,Democrat,0,0,N,N,NA
F,25-34,2,Democrat,0,0,N,N,NA
F,65+,2,Democrat,0,0,N,N,NA
F,55-64,1,Democrat,1,21,N,N,NA
M,18-24,2,Democrat,0,0,N,Y,Email
M,55-64,1,Independent,0,0,N,N,NA
F,18-24,3,Democrat,0,0,N,N,NA
F,45-54,3,Democrat,0,0,N,N,NA
F,35-44,2,Democrat,0,0,N,N,NA
F,65+,3,Independent,0,0,N,N,NA
M,35-44,2,Democrat,0,0,N,N,NA
F,18-24,1,Democrat,0,0,N,N,NA
M,25-34,2,Independent,0,0,N,N,NA
F,35-44,2,Democrat,0,0,N,N,NA
F,25-34,2,Democrat,0,0,N,N,NA
M,65+,3,Independent,0,0,N,N,NA
F,35-44,1,Independent,0,0,N,N,NA
M,25-34,2,Independent,0,0,N,N,NA
M,18-24,3,Democrat,0,0,N,N,NA
F,25-34,2,Democrat,1,18,N,N,NA
M,65+,2,Democrat,0,0,N,N,NA
M,18-24,3,Democrat,0,0,N,N,NA
M,45-54,3,Democrat,0,0,N,N,NA
F,45-54,1,Democrat,0,0,N,Y,Email
F,35-44,2,Democrat,0,0,N,N,NA
M,18-24,2,Independent,0,0,N,N,NA
F,65+,1,Democrat,0,0,N,N,NA
M,18-24,2,Democrat,0,0,N,N,NA
F,18-24,1,Democrat,0,0,N,N,NA
M,65+,2,Democrat,0,0,N,N,NA
F,18-24,2,Other,0,0,N,N,NA
M,18-24,1,Democrat,0,0,N,N,NA
F,18-24,1,Democrat,0,0,N,N,NA
M,25-34,1,Democrat,0,0,N,N,NA
M,18-24,3,Democrat,0,0,N,N,NA
F,18-24,3,Democrat,0,0,N,N,NA
F,65+,3,Independent,0,0,N,N,NA
M,25-34,1,Democrat,0,0,N,N,NA
F,45-54,3,Independent,0,0,Y,N,NA
F,25-34,1,Democrat,0,0,N,N,NA
F,65+,1,Independent,0,0,N,N,NA
M,25-34,2,Democrat,0,0,N,N,NA
F,25-34,1,Democrat,0,0,N,N,NA
F,18-24,3,Democrat,0,0,N,N,NA
F,45-54,2,Democrat,0,0,N,N,NA
M,18-24,3,Democrat,1,25,N,N,NA
F,35-44,2,Other,0,0,N,N,NA
F,55-64,3,Democrat,0,0,N,N,NA
F,35-44,2,Democrat,0,0,N,N,NA
M,35-44,3,Democrat,0,0,N,N,NA
M,35-44,3,Democrat,0,0,N,Y,Email
F,35-44,2,Independent,0,0,N,N,NA
M,18-24,3,Democrat,0,0,N,N,NA
M,65+,1,Other,0,0,N,N,NA
M,18-24,2,Independent,0,0,N,N,NA
M,18-24,2,Democrat,0,0,N,N,NA
F,35-44,2,Independent,0,0,N,N,NA
M,55-64,3,Democrat,0,0,N,N,NA
M,25-34,2,Independent,0,0,N,N,NA
F,65+,2,Democrat,1,25,N,N,NA
F,25-34,2,Democrat,0,0,N,N,NA
F,25-34,1,Democrat,0,0,N,N,NA
F,25-34,2,Democrat,0,0,N,N,NA
M,18-24,1,Independent,1,26,N,N,NA
F,25-34,3,Independent,0,0,N,N,NA
F,65+,1,Independent,0,0,N,N,NA
M,25-34,2,Democrat,0,0,N,N,NA
F,18-24,3,Democrat,0,0,N,N,NA
F,65+,2,Independent,0,0,N,N,NA
M,35-44,2,Other,0,0,N,N,NA
F,18-24,2,Democrat,0,0,N,N,NA
M,25-34,2,Democrat,0,0,N,N,NA
F,25-34,3,Democrat,0,0,N,N,NA
M,18-24,1,Independent,0,0,N,N,NA
M,25-34,3,Independent,0,0,N,N,NA
M,25-34,2,Independent,1,15,N,N,NA
F,35-44,1,Democrat,1,20,N,N,NA
M,35-44,2,Democrat,0,0,N,N,NA
M,25-34,1,Democrat,0,0,N,N,NA
M,25-34,2,Independent,0,0,N,N,NA
F,25-34,3,Democrat,0,0,N,N,NA
F,65+,2,Independent,0,0,N,N,NA
M,65+,1,Democrat,0,0,N,N,NA
F,65+,2,Democrat,0,0,N,N,NA
M,25-34,3,Democrat,0,0,N,N,NA
F,65+,1,Democrat,1,17,N,N,NA
M,25-34,1,Democrat,0,0,N,N,NA
F,65+,2,Democrat,0,0,N,N,NA
M,18-24,2,Other,0,0,N,N,NA
M,55-64,3,Independent,0,0,N,N,NA
M,18-24,1,Democrat,1,22,Y,N,NA
F,25-34,3,Democrat,0,0,N,N,NA
M,65+,1,Democrat,0,0,N,Y,Email
M,45-54,3,Democrat,0,0,N,N,NA
F,25-34,2,Independent,0,0,N,N,NA
F,45-54,2,Other,0,0,N,N,NA
M,45-54,1,Democrat,0,0,N,N,NA
M,25-34,2,Democrat,0,0,N,N,NA
M,65+,1,Independent,0,0,N,N,NA
M,18-24,2,Independent,0,0,N,N,NA
F,25-34,2,Democrat,0,0,N,Y,Email
M,65+,1,Democrat,0,0,N,N,NA
M,35-44,1,Democrat,0,0,N,N,NA
M,65+,3,Democrat,0,0,N,N,NA
M,65+,1,Democrat,0,0,N,N,NA
M,55-64,1,Democrat,0,0,N,N,NA
M,65+,1,Democrat,0,0,N,N,NA
M,65+,1,Democrat,0,0,N,N,NA
M,55-64,2,Other,0,0,N,N,NA
F,65+,1,Democrat,0,0,N,N,NA
F,45-54,1,Democrat,0,0,N,Y,Email
M,65+,3,Democrat,0,0,N,N,NA
F,18-24,1,Democrat,0,0,N,N,NA
M,18-24,2,Democrat,0,0,N,N,NA
F,55-64,1,Independent,0,0,N,N,NA
M,55-64,1,Other,0,0,N,N,NA
M,55-64,3,Democrat,0,0,N,N,NA
F,65+,3,Democrat,0,0,N,N,NA
M,35-44,2,Independent,0,0,N,N,NA
F,55-64,2,Other,0,0,N,N,NA
F,18-24,2,Democrat,0,0,N,N,NA
M,55-64,1,Democrat,0,0,Y,N,NA
M,35-44,3,Democrat,0,0,N,Y,Email
M,25-34,2,Democrat,0,0,N,N,NA
M,45-54,1,Democrat,0,0,N,N,NA
M,25-34,2,Independent,0,0,N,N,NA
F,18-24,3,Democrat,1,44,N,N,NA
F,65+,3,Independent,0,0,N,N,NA
M,18-24,3,Democrat,0,0,N,N,NA
M,18-24,3,Democrat,0,0,N,N,NA
F,25-34,3,Independent,0,0,N,N,NA
M,35-44,1,Democrat,0,0,N,N,NA
F,25-34,3,Democrat,0,0,N,N,NA
F,55-64,3,Democrat,0,0,N,N,NA
F,25-34,2,Democrat,0,0,N,Y,Email
F,55-64,2,Democrat,0,0,N,N,NA
F,25-34,2,Democrat,0,0,N,N,NA
F,65+,2,Democrat,0,0,N,N,NA
F,18-24,1,Democrat,0,0,N,N,NA
F,25-34,2,Other,0,0,N,N,NA
F,18-24,1,Democrat,0,0,N,N,NA
M,65+,2,Independent,0,0,N,N,NA
F,18-24,1,Democrat,0,0,N,Y,Email
F,18-24,1,Democrat,0,0,N,N,NA
M,35-44,3,Independent,0,0,N,N,NA
F,55-64,2,Other,0,0,N,N,NA
F,65+,1,Democrat,1,25,N,N,NA
F,18-24,1,Independent,0,0,N,Y,Twitter
F,55-64,1,Independent,0,0,N,N,NA
M,65+,3,Democrat,0,0,N,N,NA
F,55-64,2,Democrat,0,0,N,N,NA
M,45-54,3,Democrat,0,0,N,N,NA
F,65+,1,Independent,0,0,N,N,NA
M,18-24,2,Democrat,0,0,N,N,NA
F,45-54,3,Independent,0,0,N,N,NA
F,25-34,2,Democrat,0,0,N,N,NA
M,65+,3,Democrat,0,0,N,N,NA
M,18-24,2,Other,0,0,N,N,NA
M,25-34,2,Democrat,0,0,N,N,NA
M,35-44,1,Democrat,0,0,N,N,NA
F,18-24,3,Democrat,0,0,N,N,NA
F,18-24,2,Independent,0,0,N,N,NA
M,45-54,1,Independent,0,0,N,Y,Twitter
M,25-34,2,Independent,0,0,N,Y,Email
F,45-54,3,Democrat,0,0,N,N,NA
F,25-34,2,Democrat,1,25,N,N,NA
F,55-64,1,Democrat,0,0,N,N,NA
M,18-24,2,Other,0,0,N,N,NA
F,65+,3,Democrat,0,0,N,N,NA
M,65+,2,Independent,0,0,N,N,NA
M,65+,1,Democrat,0,0,N,N,NA
M,65+,3,Other,0,0,N,N,NA
M,25-34,3,Democrat,0,0,N,N,NA
F,18-24,2,Democrat,0,0,N,Y,Email
M,25-34,1,Independent,0,0,N,N,NA
F,25-34,2,Democrat,0,0,N,N,NA
M,25-34,3,Independent,0,0,N,N,NA
F,65+,3,Democrat,0,0,N,N,NA
F,18-24,3,Democrat,0,0,N,N,NA
M,35-44,1,Democrat,0,0,N,N,NA
F,55-64,1,Independent,0,0,N,N,NA
F,25-34,3,Other,0,0,N,N,NA
F,35-44,3,Democrat,0,0,N,N,NA
F,25-34,1,Independent,0,0,N,N,NA
F,55-64,2,Democrat,0,0,N,N,NA
F,25-34,2,Democrat,0,0,N,N,NA
F,25-34,1,Democrat,0,0,N,N,NA
M,65+,3,Democrat,0,0,N,N,NA
M,35-44,2,Independent,0,0,N,N,NA
M,65+,3,Democrat,0,0,N,Y,Twitter
M,55-64,2,Democrat,1,16,N,N,NA
F,18-24,1,Democrat,1,17,N,N,NA
M,18-24,3,Independent,0,0,N,N,NA
M,65+,1,Independent,0,0,N,N,NA
M,25-34,2,Democrat,0,0,N,N,NA
M,35-44,3,Democrat,0,0,N,N,NA
M,25-34,3,Democrat,0,0,N,Y,Email
M,55-64,3,Democrat,0,0,N,N,NA
M,65+,3,Democrat,0,0,N,N,NA
F,18-24,1,Democrat,0,0,N,N,NA
M,45-54,1,Democrat,0,0,N,N,NA
F,65+,2,Democrat,0,0,N,N,NA
M,18-24,1,Democrat,0,0,N,N,NA
F,65+,3,Democrat,0,0,N,N,NA
M,18-24,1,Independent,0,0,N,Y,Twitter
F,25-34,3,Independent,0,0,N,N,NA
M,25-34,3,Democrat,0,0,N,N,NA
M,65+,3,Independent,0,0,N,N,NA
M,25-34,1,Independent,0,0,N,N,NA
F,18-24,1,Democrat,0,0,N,N,NA
M,18-24,3,Democrat,0,0,N,N,NA
F,55-64,3,Independent,0,0,N,N,NA
F,25-34,3,Democrat,0,0,N,N,NA
M,65+,1,Democrat,1,18,N,N,NA
F,18-24,3,Independent,0,0,N,N,NA
F,18-24,2,Democrat,0,0,N,N,NA
F,65+,3,Democrat,0,0,N,N,NA
F,65+,3,Democrat,0,0,N,N,NA
M,25-34,3,Democrat,0,0,N,N,NA
M,18-24,2,Democrat,0,0,N,N,NA
F,18-24,3,Other,0,0,N,Y,Email
M,25-34,3,Democrat,0,0,N,N,NA
F,35-44,2,Democrat,0,0,N,N,NA
M,65+,1,Independent,0,0,N,N,NA
M,25-34,2,Democrat,0,0,N,N,NA
M,18-24,2,Democrat,0,0,N,Y,Twitter
M,25-34,1,Other,0,0,N,Y,Email
M,65+,2,Democrat,0,0,N,N,NA
M,65+,1,Democrat,0,0,N,N,NA
M,65+,2,Democrat,0,0,Y,N,NA
M,18-24,1,Other,0,0,N,N,NA
F,65+,3,Democrat,0,0,N,N,NA
M,18-24,2,Democrat,0,0,N,N,NA
M,18-24,2,Democrat,0,0,N,N,NA
M,55-64,1,Democrat,0,0,N,N,NA
F,18-24,3,Democrat,0,0,N,N,NA
F,55-64,2,Democrat,0,0,N,N,NA
F,18-24,2,Democrat,0,0,N,N,NA
F,55-64,3,Democrat,0,0,N,N,NA
F,25-34,1,Democrat,1,25,N,N,NA
M,18-24,3,Independent,0,0,N,N,NA
F,18-24,2,Other,0,0,N,N,NA
F,45-54,2,Democrat,0,0,N,Y,Email
M,65+,1,Democrat,0,0,N,N,NA
M,55-64,1,Democrat,0,0,N,N,NA
M,55-64,2,Democrat,0,0,N,N,NA
F,45-54,3,Democrat,0,0,N,N,NA
F,65+,2,Independent,0,0,N,N,NA
M,18-24,2,Independent,0,0,N,N,NA
M,65+,2,Democrat,0,0,N,N,NA
M,45-54,2,Independent,0,0,Y,N,NA
M,25-34,3,Democrat,0,0,N,N,NA
M,45-54,3,Democrat,0,0,N,N,NA
F,18-24,1,Democrat,0,0,N,N,NA
F,65+,3,Independent,0,0,N,Y,Email
M,18-24,2,Democrat,0,0,N,N,NA
F,18-24,2,Democrat,0,0,N,N,NA
F,35-44,3,Democrat,0,0,N,N,NA
M,65+,1,Democrat,0,0,N,N,NA
F,35-44,3,Democrat,0,0,N,N,NA
M,18-24,3,Democrat,0,0,N,N,NA
F,65+,1,Democrat,0,0,Y,N,NA
M,18-24,2,Democrat,0,0,N,N,NA
F,65+,1,Democrat,0,0,N,N,NA
M,45-54,1,Democrat,0,0,N,N,NA
F,55-64,2,Independent,0,0,N,N,NA
F,18-24,1,Democrat,0,0,N,Y,Email
M,55-64,3,Democrat,0,0,N,N,NA
M,65+,1,Democrat,0,0,N,N,NA
M,65+,1,Democrat,0,0,N,N,NA
M,55-64,1,Democrat,0,0,N,N,NA
M,55-64,1,Democrat,1,20,N,N,NA
F,18-24,1,Democrat,0,0,N,N,NA
F,65+,1,Democrat,0,0,N,N,NA
F,25-34,1,Democrat,0,0,N,N,NA
F,65+,3,Independent,0,0,N,N,NA
M,25-34,3,Democrat,0,0,N,N,NA
F,65+,1,Independent,0,0,N,N,NA
M,25-34,3,Independent,1,22,N,N,NA
M,35-44,2,Independent,1,25,N,N,NA
F,45-54,1,Democrat,0,0,N,N,NA
F,25-34,2,Democrat,0,0,N,N,NA
M,25-34,3,Democrat,0,0,N,N,NA
M,35-44,3,Democrat,0,0,N,N,NA
M,65+,2,Democrat,0,0,N,N,NA
F,18-24,3,Democrat,0,0,N,N,NA
M,55-64,3,Democrat,0,0,N,N,NA
F,65+,1,Democrat,0,0,N,N,NA
F,65+,1,Democrat,0,0,N,N,NA
F,25-34,2,Democrat,0,0,N,N,NA
F,65+,1,Democrat,0,0,N,N,NA
M,55-64,1,Democrat,0,0,N,N,NA
M,18-24,1,Democrat,0,0,N,N,NA
M,35-44,2,Democrat,0,0,N,N,NA
M,45-54,1,Democrat,0,0,N,N,NA
F,18-24,1,Democrat,0,0,N,N,NA
M,18-24,1,Democrat,0,0,N,N,NA
M,18-24,1,Democrat,0,0,N,N,NA
M,18-24,2,Democrat,0,0,N,N,NA
F,25-34,1,Independent,0,0,N,N,NA
F,35-44,2,Democrat,0,0,N,Y,Twitter
M,25-34,3,Democrat,0,0,N,N,NA
M,25-34,1,Independent,0,0,N,N,NA
F,35-44,3,Democrat,0,0,N,N,NA
M,55-64,3,Democrat,0,0,N,N,NA
F,55-64,2,Democrat,0,0,N,N,NA
M,25-34,3,Democrat,0,0,N,N,NA
F,18-24,3,Democrat,0,0,N,N,NA
F,65+,2,Independent,0,0,N,N,NA
F,18-24,3,Democrat,0,0,N,N,NA
M,25-34,3,Democrat,0,0,N,N,NA
F,35-44,2,Democrat,0,0,N,Y,Email
M,18-24,2,Democrat,0,0,N,N,NA
M,65+,1,Independent,0,0,N,N,NA
M,65+,1,Other,0,0,N,Y,Email
F,55-64,2,Democrat,0,0,N,N,NA
M,35-44,2,Democrat,0,0,N,N,NA
F,65+,2,Democrat,0,0,N,N,NA
F,65+,3,Democrat,0,0,N,N,NA
F,45-54,2,Democrat,0,0,N,N,NA
F,55-64,3,Democrat,0,0,N,N,NA
M,35-44,3,Democrat,0,0,N,N,NA
M,35-44,3,Independent,0,0,N,N,NA
M,35-44,1,Democrat,0,0,N,N,NA
M,65+,1,Other,0,0,N,N,NA
F,65+,1,Democrat,0,0,N,N,NA
F,18-24,1,Democrat,0,0,N,N,NA
M,18-24,1,Independent,1,18,N,N,NA
M,35-44,1,Democrat,0,0,N,N,NA
M,55-64,1,Democrat,0,0,N,N,NA
F,45-54,2,Democrat,0,0,N,N,NA
M,25-34,2,Independent,0,0,N,Y,Email
F,65+,3,Democrat,0,0,N,N,NA
F,65+,3,Democrat,1,29,N,N,NA
F,18-24,2,Independent,0,0,N,N,NA
M,65+,1,Other,0,0,N,Y,Email
M,55-64,3,Democrat,0,0,N,N,NA
M,65+,2,Other,0,0,N,N,NA
F,45-54,3,Independent,0,0,Y,N,NA
F,65+,1,Independent,0,0,N,N,NA
F,18-24,3,Democrat,0,0,Y,N,NA
F,35-44,1,Independent,0,0,N,N,NA
M,65+,2,Democrat,0,0,N,N,NA
M,35-44,2,Democrat,0,0,N,N,NA
F,65+,3,Democrat,0,0,N,N,NA
M,35-44,3,Independent,0,0,N,N,NA
M,25-34,2,Democrat,0,0,N,N,NA
M,55-64,1,Independent,0,0,N,N,NA
M,35-44,1,Democrat,0,0,N,N,NA
F,55-64,2,Democrat,0,0,N,N,NA
M,65+,2,Democrat,0,0,N,N,NA
F,18-24,1,Democrat,0,0,N,N,NA
M,65+,3,Democrat,0,0,N,N,NA
F,18-24,1,Democrat,0,0,N,Y,Email
F,65+,1,Other,1,18,N,N,NA
M,18-24,2,Democrat,0,0,N,N,NA
F,18-24,3,Democrat,0,0,N,N,NA
F,65+,2,Other,0,0,N,N,NA
M,18-24,3,Democrat,0,0,N,N,NA
M,35-44,3,Democrat,0,0,N,N,NA
F,65+,2,Democrat,1,22,N,N,NA
M,25-34,2,Democrat,0,0,N,N,NA
M,18-24,2,Democrat,0,0,N,Y,Email
M,35-44,2,Independent,0,0,N,N,NA
F,55-64,3,Independent,0,0,N,N,NA
F,65+,1,Independent,0,0,N,N,NA
M,45-54,3,Democrat,0,0,N,Y,Twitter
M,35-44,3,Democrat,0,0,N,N,NA
M,25-34,2,Democrat,0,0,N,N,NA
M,18-24,1,Democrat,0,0,N,Y,Twitter
F,18-24,1,Democrat,0,0,N,Y,Email
F,18-24,2,Democrat,0,0,N,N,NA
M,18-24,2,Independent,1,28,N,Y,Twitter
M,35-44,3,Democrat,0,0,N,N,NA
M,55-64,3,Democrat,0,0,N,N,NA
F,65+,2,Democrat,0,0,N,N,NA
F,18-24,3,Democrat,0,0,N,N,NA
M,25-34,3,Independent,0,0,N,N,NA
M,65+,1,Independent,0,0,N,N,NA
M,18-24,3,Democrat,0,0,N,N,NA
F,18-24,3,Other,0,0,N,N,NA
F,25-34,2,Independent,0,0,N,N,NA
F,55-64,1,Democrat,0,0,N,N,NA
M,25-34,1,Democrat,0,0,N,N,NA
F,65+,3,Other,0,0,N,N,NA
F,65+,1,Democrat,0,0,N,N,NA
F,65+,1,Democrat,0,0,N,N,NA
M,18-24,3,Democrat,0,0,N,N,NA
F,35-44,3,Democrat,0,0,N,N,NA
F,35-44,2,Democrat,0,0,N,N,NA
F,65+,1,Democrat,0,0,N,N,NA
F,18-24,2,Independent,0,0,N,N,NA
M,65+,1,Democrat,0,0,N,N,NA
F,18-24,3,Democrat,0,0,N,N,NA
F,25-34,3,Democrat,0,0,N,Y,Email
F,35-44,1,Other,0,0,N,N,NA
F,55-64,1,Democrat,0,0,N,N,NA
F,25-34,2,Other,0,0,N,N,NA
M,18-24,2,Democrat,1,24,N,N,NA
M,65+,3,Democrat,0,0,N,N,NA
F,65+,2,Democrat,0,0,N,N,NA
M,65+,1,Democrat,0,0,N,N,NA
M,25-34,3,Democrat,1,30,N,N,NA
F,25-34,3,Democrat,1,40,N,N,NA
M,18-24,1,Democrat,0,0,N,N,NA
M,18-24,3,Democrat,0,0,N,N,NA
F,55-64,2,Democrat,0,0,N,N,NA
M,55-64,1,Democrat,0,0,N,N,NA
F,25-34,3,Democrat,0,0,N,N,NA
M,18-24,2,Independent,0,0,N,N,NA
F,45-54,2,Democrat,0,0,N,N,NA
F,35-44,3,Democrat,0,0,N,N,NA
M,18-24,3,Democrat,0,0,N,N,NA
F,18-24,3,Democrat,0,0,N,Y,Email
M,18-24,2,Democrat,0,0,N,N,NA
M,18-24,3,Democrat,0,0,N,N,NA
F,35-44,3,Other,0,0,N,N,NA
F,18-24,2,Independent,0,0,N,N,NA
M,18-24,2,Democrat,0,0,N,N,NA
M,65+,2,Independent,0,0,N,N,NA
F,65+,1,Independent,0,0,N,Y,Twitter
M,55-64,2,Democrat,0,0,N,N,NA
M,25-34,3,Democrat,0,0,N,N,NA
F,65+,2,Democrat,0,0,N,N,NA
M,25-34,2,Democrat,0,0,N,Y,Email
M,18-24,3,Independent,0,0,N,N,NA
F,25-34,3,Democrat,0,0,N,N,NA
F,65+,2,Democrat,0,0,N,N,NA
M,18-24,3,Democrat,1,35,N,N,NA
F,45-54,1,Independent,0,0,N,Y,Twitter
M,35-44,2,Democrat,0,0,N,N,NA
M,65+,1,Democrat,0,0,N,N,NA
M,18-24,2,Democrat,0,0,N,N,NA
F,25-34,3,Independent,0,0,N,N,NA
F,25-34,1,Democrat,0,0,N,N,NA
M,18-24,2,Independent,0,0,N,N,NA
M,25-34,3,Democrat,0,0,N,N,NA
M,18-24,3,Democrat,0,0,N,N,NA
M,25-34,3,Democrat,0,0,N,N,NA
F,55-64,1,Independent,1,25,N,Y,Email
F,25-34,3,Democrat,0,0,N,N,NA
M,65+,3,Democrat,0,0,N,N,NA
M,65+,1,Democrat,0,0,N,N,NA
F,18-24,2,Democrat,0,0,N,N,NA
F,25-34,2,Democrat,0,0,N,N,NA
M,65+,1,Independent,0,0,N,N,NA
M,55-64,3,Democrat,0,0,N,N,NA
F,45-54,2,Democrat,0,0,N,N,NA
M,55-64,2,Democrat,1,20,N,N,NA
M,65+,2,Democrat,0,0,N,N,NA
F,65+,3,Democrat,0,0,N,N,NA
F,18-24,2,Democrat,0,0,N,N,NA
F,65+,3,Independent,0,0,N,N,NA
F,25-34,3,Democrat,0,0,N,N,NA
F,55-64,2,Democrat,0,0,N,N,NA
M,45-54,2,Democrat,0,0,N,N,NA
M,65+,1,Democrat,0,0,N,N,NA
M,55-64,3,Other,0,0,N,N,NA
M,18-24,2,Independent,0,0,N,N,NA
M,65+,1,Democrat,0,0,N,N,NA
F,25-34,3,Other,0,0,N,N,NA
M,65+,2,Democrat,0,0,N,N,NA
F,65+,2,Democrat,1,24,N,N,NA
M,25-34,3,Democrat,1,32,N,N,NA
M,25-34,1,Other,0,0,N,N,NA
F,25-34,3,Democrat,0,0,N,N,NA
M,55-64,2,Democrat,0,0,N,N,NA
F,18-24,3,Other,0,0,N,Y,Email
F,35-44,2,Independent,0,0,N,Y,Twitter
F,55-64,1,Independent,0,0,N,Y,Email
M,25-34,3,Democrat,0,0,N,N,NA
F,55-64,1,Democrat,0,0,N,N,NA
F,25-34,2,Independent,0,0,N,N,NA
M,25-34,1,Democrat,0,0,N,N,NA
M,55-64,3,Democrat,0,0,N,N,NA
M,18-24,3,Independent,0,0,N,N,NA
F,18-24,2,Independent,0,0,N,N,NA
M,35-44,2,Democrat,0,0,N,N,NA
F,18-24,1,Democrat,0,0,N,N,NA
M,65+,1,Democrat,0,0,N,N,NA
M,55-64,1,Democrat,0,0,N,N,NA
M,25-34,1,Democrat,0,0,N,N,NA
M,55-64,1,Democrat,0,0,N,N,NA
M,25-34,2,Democrat,0,0,N,N,NA
M,25-34,1,Democrat,0,0,N,N,NA
M,25-34,3,Democrat,0,0,N,N,NA
F,25-34,3,Democrat,0,0,N,N,NA
F,65+,3,Independent,0,0,N,N,NA
F,35-44,2,Democrat,0,0,N,N,NA
F,18-24,1,Other,0,0,N,N,NA
M,65+,1,Democrat,0,0,N,N,NA
M,65+,1,Democrat,0,0,N,Y,Email
F,25-34,3,Independent,0,0,N,N,NA
M,18-24,1,Democrat,0,0,N,N,NA
M,45-54,3,Democrat,0,0,Y,N,NA
M,25-34,3,Democrat,0,0,N,N,NA
F,18-24,2,Democrat,0,0,N,N,NA
F,18-24,3,Democrat,0,0,N,N,NA
M,65+,1,Democrat,0,0,N,N,NA
M,35-44,1,Democrat,0,0,N,N,NA
F,65+,3,Democrat,0,0,N,N,NA
F,65+,2,Democrat,0,0,N,N,NA
F,55-64,3,Democrat,0,0,N,N,NA
F,18-24,3,Democrat,0,0,N,N,NA
M,65+,1,Other,0,0,N,N,NA
F,65+,1,Democrat,0,0,N,N,NA
F,18-24,2,Independent,0,0,N,N,NA
F,25-34,2,Independent,0,0,N,N,NA
M,35-44,2,Democrat,0,0,N,N,NA
M,65+,2,Independent,0,0,N,N,NA
F,55-64,1,Other,0,0,N,N,NA
F,65+,2,Democrat,0,0,N,N,NA
F,18-24,3,Democrat,0,0,N,Y,Email
F,18-24,3,Democrat,0,0,N,N,NA
M,45-54,3,Democrat,0,0,N,N,NA
F,35-44,3,Independent,0,0,N,N,NA
M,35-44,1,Independent,0,0,N,Y,Twitter
F,65+,1,Democrat,0,0,N,N,NA
F,25-34,2,Democrat,0,0,N,N,NA
M,25-34,1,Democrat,0,0,N,N,NA
M,55-64,3,Democrat,0,0,N,N,NA
M,65+,3,Democrat,0,0,N,N,NA
F,55-64,3,Independent,0,0,N,N,NA
F,25-34,1,Other,0,0,N,N,NA
M,18-24,3,Democrat,0,0,N,N,NA
F,25-34,3,Democrat,0,0,N,N,NA
F,65+,2,Democrat,0,0,N,Y,Email
M,18-24,1,Other,0,0,N,N,NA
M,65+,1,Democrat,0,0,N,N,NA
M,35-44,2,Independent,0,0,N,N,NA
F,55-64,1,Democrat,0,0,N,N,NA
M,35-44,1,Democrat,0,0,N,N,NA
M,25-34,1,Democrat,0,0,N,N,NA
M,25-34,3,Independent,0,0,N,N,NA
M,18-24,1,Other,0,0,N,N,NA
F,18-24,2,Independent,0,0,N,N,NA
M,25-34,3,Democrat,0,0,N,N,NA
F,55-64,1,Democrat,0,0,N,N,NA
M,35-44,1,Democrat,0,0,N,N,NA
M,35-44,1,Other,0,0,N,N,NA
M,65+,2,Democrat,1,15,N,N,NA
F,65+,2,Independent,0,0,N,N,NA
F,65+,2,Independent,0,0,N,N,NA
F,65+,1,Democrat,0,0,N,N,NA
M,55-64,3,Independent,0,0,N,N,NA
M,45-54,1,Democrat,0,0,N,N,NA
F,65+,3,Democrat,0,0,N,N,NA
M,45-54,3,Democrat,0,0,N,N,NA
M,25-34,2,Independent,0,0,N,N,NA
F,25-34,1,Democrat,0,0,N,Y,Twitter
F,65+,3,Democrat,0,0,N,N,NA
M,55-64,3,Independent,0,0,N,N,NA
F,18-24,1,Democrat,0,0,N,N,NA
M,45-54,2,Democrat,0,0,N,N,NA
F,18-24,3,Independent,0,0,Y,N,NA
F,25-34,2,Democrat,0,0,N,N,NA
M,18-24,2,Democrat,0,0,N,N,NA
F,55-64,1,Independent,0,0,N,N,NA
M,45-54,1,Democrat,0,0,N,N,NA
M,65+,3,Democrat,0,0,N,N,NA
F,65+,3,Democrat,0,0,N,N,NA
F,65+,1,Independent,0,0,N,N,NA
M,45-54,3,Democrat,0,0,N,N,NA
M,65+,3,Independent,0,0,N,N,NA
F,35-44,2,Democrat,0,0,N,N,NA
F,65+,3,Democrat,0,0,N,N,NA
F,65+,2,Other,0,0,N,N,NA
F,18-24,3,Democrat,0,0,N,N,NA
M,35-44,2,Democrat,0,0,N,N,NA
F,65+,2,Democrat,0,0,N,N,NA
M,35-44,1,Democrat,0,0,N,N,NA
M,25-34,2,Democrat,0,0,N,N,NA
F,25-34,3,Democrat,1,39,N,N,NA
M,45-54,2,Democrat,1,27,N,N,NA
M,25-34,3,Democrat,0,0,N,N,NA
F,18-24,1,Democrat,0,0,N,N,NA
F,65+,1,Independent,0,0,N,N,NA
F,65+,3,Democrat,0,0,Y,N,NA
F,55-64,2,Other,0,0,N,N,NA
F,25-34,3,Democrat,0,0,N,N,NA
F,65+,3,Other,0,0,N,N,NA
M,35-44,3,Other,0,0,N,N,NA
M,45-54,3,Other,0,0,N,Y,Twitter
F,25-34,1,Independent,0,0,N,N,NA
F,35-44,2,Democrat,0,0,N,N,NA
M,25-34,3,Democrat,0,0,N,N,NA
M,35-44,1,Democrat,0,0,Y,Y,Email
F,35-44,3,Independent,0,0,N,N,NA
F,18-24,2,Democrat,0,0,N,N,NA
M,45-54,3,Democrat,0,0,N,N,NA
F,18-24,2,Democrat,0,0,N,N,NA
F,18-24,2,Democrat,0,0,N,N,NA
F,65+,2,Democrat,0,0,N,Y,Email
M,45-54,3,Democrat,0,0,N,N,NA
M,65+,1,Other,0,0,N,N,NA
M,65+,2,Democrat,0,0,N,N,NA
F,18-24,1,Democrat,0,0,N,N,NA
M,65+,1,Democrat,0,0,N,N,NA
F,65+,2,Other,0,0,N,N,NA
M,18-24,3,Independent,0,0,N,N,NA
M,25-34,2,Independent,0,0,N,N,NA
M,65+,2,Other,0,0,N,N,NA
F,18-24,2,Democrat,0,0,N,N,NA
M,35-44,2,Independent,0,0,N,N,NA
F,18-24,3,Democrat,0,0,N,N,NA
F,55-64,1,Democrat,0,0,N,N,NA
M,18-24,3,Independent,0,0,N,N,NA
F,18-24,3,Democrat,1,33,N,N,NA
M,55-64,1,Democrat,0,0,N,N,NA
M,18-24,3,Democrat,1,25,N,Y,Twitter
F,55-64,2,Independent,0,0,Y,N,NA
F,18-24,2,Democrat,0,0,N,N,NA
F,18-24,2,Democrat,0,0,N,N,NA
M,45-54,2,Independent,0,0,N,N,NA
M,55-64,2,Other,0,0,N,N,NA
M,65+,2,Independent,0,0,N,N,NA
F,25-34,1,Democrat,0,0,N,N,NA
M,65+,1,Independent,0,0,N,N,NA
F,45-54,2,Democrat,0,0,N,N,NA
F,35-44,3,Democrat,0,0,N,N,NA
F,65+,1,Democrat,0,0,N,N,NA
M,45-54,2,Independent,0,0,N,N,NA
M,18-24,3,Independent,0,0,N,Y,Email
M,18-24,2,Independent,1,27,N,N,NA
F,55-64,2,Democrat,0,0,N,N,NA
F,65+,3,Democrat,0,0,N,N,NA
M,18-24,3,Democrat,0,0,N,N,NA
F,18-24,3,Democrat,0,0,N,N,NA
M,35-44,3,Democrat,0,0,N,N,NA
M,35-44,2,Democrat,0,0,N,N,NA
M,25-34,3,Other,0,0,Y,N,NA
F,35-44,1,Democrat,0,0,N,N,NA
F,25-34,2,Democrat,0,0,N,Y,Email
F,35-44,2,Democrat,0,0,N,N,NA
F,35-44,2,Democrat,0,0,N,N,NA
M,65+,2,Democrat,0,0,N,N,NA
F,18-24,1,Other,0,0,N,N,NA
M,25-34,3,Democrat,0,0,N,N,NA
M,18-24,1,Democrat,0,0,N,N,NA
F,55-64,1,Democrat,0,0,N,N,NA
M,65+,3,Democrat,0,0,N,N,NA
M,65+,3,Democrat,0,0,N,N,NA
M,65+,3,Democrat,0,0,N,N,NA
M,65+,2,Other,0,0,N,N,NA
F,45-54,1,Democrat,0,0,N,N,NA
M,65+,2,Democrat,0,0,N,N,NA
F,45-54,1,Independent,0,0,N,N,NA
M,18-24,3,Democrat,0,0,N,N,NA
F,45-54,3,Independent,0,0,N,N,NA
M,65+,2,Democrat,0,0,N,N,NA
M,25-34,1,Democrat,0,0,N,N,NA
M,25-34,3,Democrat,0,0,N,N,NA
M,18-24,3,Democrat,0,0,N,N,NA
M,25-34,3,Democrat,0,0,N,N,NA
M,35-44,2,Democrat,0,0,N,N,NA
M,45-54,2,Democrat,0,0,N,N,NA
M,65+,3,Democrat,0,0,N,N,NA
F,25-34,1,Other,1,21,N,N,NA
F,18-24,2,Independent,0,0,N,N,NA
F,55-64,2,Democrat,0,0,N,N,NA
F,65+,1,Independent,0,0,N,N,NA
F,45-54,2,Democrat,0,0,N,N,NA
F,65+,3,Democrat,0,0,N,N,NA
M,18-24,3,Democrat,0,0,N,N,NA
M,18-24,2,Democrat,0,0,N,Y,Email
F,18-24,3,Democrat,0,0,N,N,NA
F,18-24,1,Democrat,0,0,N,N,NA
M,65+,1,Democrat,1,24,N,N,NA
F,65+,3,Democrat,0,0,N,Y,Email
F,25-34,2,Democrat,0,0,N,N,NA
M,25-34,2,Other,0,0,Y,N,NA
M,65+,2,Democrat,0,0,N,N,NA
M,18-24,3,Independent,0,0,N,N,NA
M,18-24,1,Independent,0,0,N,N,NA
F,25-34,1,Independent,0,0,N,N,NA
F,65+,1,Democrat,0,0,N,N,NA
F,65+,3,Democrat,0,0,N,N,NA
M,18-24,1,Independent,0,0,N,N,NA
M,65+,3,Democrat,0,0,N,N,NA
M,65+,3,Democrat,0,0,N,N,NA
F,25-34,3,Democrat,0,0,N,N,NA
F,65+,3,Democrat,0,0,N,N,NA
F,18-24,1,Democrat,0,0,N,N,NA
M,18-24,2,Democrat,0,0,N,N,NA
M,65+,1,Independent,0,0,N,N,NA
M,65+,2,Democrat,0,0,N,N,NA
F,65+,3,Democrat,0,0,N,N,NA
F,65+,3,Democrat,0,0,N,N,NA
M,25-34,1,Other,0,0,N,N,NA
M,35-44,3,Democrat,0,0,N,N,NA
F,35-44,1,Democrat,0,0,N,N,NA
M,18-24,2,Democrat,0,0,N,N,NA
F,65+,3,Democrat,0,0,N,N,NA
F,65+,1,Democrat,1,24,N,N,NA
M,25-34,3,Democrat,0,0,N,N,NA
M,65+,1,Democrat,0,0,N,N,NA
M,65+,1,Democrat,0,0,N,N,NA
M,25-34,1,Democrat,0,0,N,Y,Email
F,55-64,3,Democrat,0,0,N,N,NA
F,55-64,2,Democrat,0,0,N,N,NA
M,65+,3,Democrat,0,0,N,N,NA
M,35-44,2,Other,0,0,N,N,NA
F,25-34,2,Democrat,0,0,N,N,NA
M,18-24,3,Democrat,0,0,N,N,NA
M,18-24,3,Democrat,0,0,N,N,NA
F,45-54,1,Democrat,0,0,N,N,NA
F,65+,1,Democrat,0,0,N,N,NA
F,25-34,1,Democrat,0,0,N,N,NA
M,65+,2,Democrat,1,20,N,N,NA
M,45-54,2,Democrat,0,0,N,N,NA
M,55-64,3,Democrat,0,0,N,N,NA
F,65+,2,Democrat,0,0,N,N,NA
F,65+,3,Democrat,0,0,N,N,NA
M,65+,3,Independent,0,0,N,N,NA
F,65+,1,Democrat,0,0,N,Y,Twitter
F,35-44,1,Democrat,0,0,N,N,NA
F,25-34,3,Democrat,0,0,N,N,NA
F,65+,1,Democrat,0,0,Y,N,NA
M,18-24,1,Independent,0,0,N,N,NA
F,55-64,2,Independent,0,0,N,N,NA
F,45-54,1,Other,0,0,N,N,NA
M,55-64,2,Democrat,0,0,N,N,NA
M,25-34,1,Other,0,0,N,N,NA
F,18-24,1,Democrat,0,0,N,N,NA
M,25-34,3,Democrat,0,0,N,N,NA
M,65+,1,Independent,0,0,N,N,NA
F,65+,2,Democrat,0,0,N,N,NA
F,35-44,2,Other,0,0,Y,N,NA
M,65+,1,Democrat,0,0,N,N,NA
F,25-34,3,Democrat,0,0,N,N,NA
M,55-64,1,Democrat,0,0,N,N,NA
F,65+,2,Democrat,0,0,N,N,NA
F,65+,3,Democrat,0,0,N,N,NA
M,55-64,3,Independent,0,0,N,N,NA
M,25-34,2,Independent,0,0,N,N,NA
M,65+,2,Democrat,0,0,N,N,NA
M,55-64,3,Independent,0,0,N,N,NA
F,25-34,3,Democrat,0,0,N,Y,Email
F,18-24,2,Independent,0,0,N,N,NA
F,25-34,1,Other,0,0,N,N,NA
F,18-24,2,Democrat,0,0,N,N,NA
F,65+,1,Democrat,0,0,N,N,NA
F,45-54,3,Democrat,0,0,N,N,NA
M,55-64,2,Other,0,0,N,N,NA
F,65+,2,Democrat,0,0,N,N,NA
F,18-24,2,Independent,0,0,N,N,NA
F,45-54,3,Democrat,0,0,N,N,NA
F,55-64,1,Independent,0,0,N,N,NA
F,55-64,3,Independent,0,0,N,N,NA
M,25-34,3,Democrat,0,0,N,N,NA
F,65+,3,Independent,0,0,N,N,NA
F,18-24,2,Democrat,0,0,N,N,NA
M,25-34,1,Independent,0,0,N,N,NA
M,65+,1,Democrat,0,0,N,N,NA
F,25-34,1,Democrat,0,0,N,N,NA
M,25-34,1,Democrat,0,0,N,N,NA
F,18-24,1,Democrat,0,0,N,N,NA
M,25-34,1,Democrat,0,0,N,N,NA
M,18-24,2,Democrat,0,0,N,N,NA
M,65+,2,Other,0,0,N,N,NA
M,35-44,2,Democrat,1,17,N,N,NA
M,35-44,2,Independent,0,0,N,N,NA
F,55-64,1,Democrat,0,0,N,N,NA
F,55-64,2,Democrat,1,24,N,N,NA
M,65+,3,Democrat,0,0,N,N,NA
M,45-54,3,Independent,0,0,N,N,NA
F,18-24,1,Independent,0,0,N,N,NA
M,65+,1,Independent,0,0,N,N,NA
M,35-44,3,Democrat,0,0,N,N,NA
F,55-64,2,Democrat,0,0,N,N,NA
F,35-44,2,Democrat,0,0,N,N,NA
M,25-34,2,Democrat,0,0,N,N,NA
F,18-24,1,Independent,0,0,N,N,NA
M,55-64,1,Independent,0,0,N,N,NA
M,25-34,3,Democrat,0,0,N,N,NA
M,55-64,1,Other,0,0,N,N,NA
M,65+,2,Democrat,0,0,N,N,NA
F,65+,1,Democrat,0,0,N,N,NA
F,45-54,3,Independent,0,0,N,N,NA
F,18-24,3,Democrat,0,0,N,N,NA
F,18-24,2,Democrat,0,0,N,N,NA
M,18-24,1,Democrat,0,0,N,N,NA
M,35-44,1,Democrat,0,0,N,N,NA
M,65+,2,Democrat,0,0,N,N,NA
M,65+,1,Democrat,0,0,N,N,NA
F,35-44,1,Independent,0,0,N,N,NA
F,45-54,1,Democrat,0,0,N,N,NA
F,65+,2,Independent,0,0,N,N,NA
M,55-64,2,Democrat,0,0,N,N,NA
M,65+,1,Independent,0,0,N,N,NA
M,25-34,3,Independent,1,25,N,N,NA
F,25-34,3,Independent,0,0,N,N,NA
F,18-24,3,Independent,0,0,N,N,NA
F,25-34,1,Democrat,0,0,N,N,NA
F,45-54,3,Democrat,0,0,N,N,NA
M,35-44,3,Democrat,0,0,N,N,NA
F,25-34,2,Democrat,0,0,N,N,NA
M,65+,2,Independent,0,0,N,N,NA
F,18-24,3,Democrat,0,0,N,N,NA
F,25-34,3,Democrat,0,0,N,N,NA
M,45-54,2,Democrat,0,0,N,N,NA
M,65+,1,Democrat,0,0,N,N,NA
M,25-34,2,Democrat,1,18,N,N,NA
F,65+,2,Democrat,0,0,N,N,NA
F,25-34,3,Democrat,1,35,N,N,NA
M,18-24,3,Democrat,0,0,N,N,NA
F,45-54,2,Independent,0,0,N,N,NA
M,18-24,2,Democrat,0,0,N,N,NA
M,45-54,2,Democrat,0,0,N,Y,Email
F,65+,1,Democrat,0,0,N,N,NA
F,65+,1,Independent,0,0,N,N,NA
M,35-44,1,Democrat,0,0,N,N,NA
F,65+,2,Independent,0,0,N,N,NA
F,65+,2,Independent,0,0,N,N,NA
F,18-24,1,Democrat,0,0,N,N,NA
F,55-64,3,Democrat,1,42,N,N,NA
M,18-24,1,Democrat,0,0,Y,N,NA
F,25-34,1,Democrat,0,0,N,N,NA
F,25-34,3,Independent,0,0,N,N,NA
F,25-34,2,Democrat,0,0,N,N,NA
M,65+,2,Other,0,0,N,N,NA
M,55-64,2,Democrat,0,0,N,N,NA
F,35-44,2,Democrat,0,0,N,N,NA
M,65+,1,Democrat,0,0,N,N,NA
F,65+,2,Democrat,0,0,N,N,NA
M,55-64,2,Democrat,0,0,N,N,NA
F,65+,2,Democrat,0,0,N,N,NA
M,25-34,2,Democrat,1,18,N,N,NA
F,65+,1,Democrat,0,0,N,N,NA
M,55-64,2,Democrat,0,0,N,N,NA
F,55-64,2,Democrat,0,0,N,N,NA
F,65+,1,Democrat,1,23,N,N,NA
F,55-64,2,Democrat,0,0,N,N,NA
M,18-24,3,Other,0,0,N,N,NA
F,65+,3,Democrat,0,0,N,N,NA
M,18-24,1,Democrat,0,0,N,N,NA
F,18-24,3,Democrat,0,0,N,N,NA
M,35-44,2,Democrat,0,0,N,N,NA
M,65+,1,Democrat,0,0,N,N,NA
F,35-44,3,Democrat,0,0,N,N,NA
M,25-34,2,Democrat,0,0,N,N,NA
F,18-24,3,Democrat,0,0,N,N,NA
F,35-44,3,Democrat,0,0,N,N,NA
M,25-34,3,Democrat,0,0,N,N,NA
F,18-24,1,Democrat,0,0,N,N,NA
F,65+,1,Other,1,19,N,N,NA
M,55-64,3,Independent,0,0,N,N,NA
F,25-34,3,Democrat,0,0,N,N,NA
F,45-54,1,Democrat,0,0,N,N,NA
M,55-64,3,Independent,0,0,N,N,NA
F,55-64,3,Democrat,0,0,N,N,NA
F,55-64,2,Democrat,0,0,N,N,NA
F,65+,3,Democrat,0,0,N,N,NA
F,18-24,2,Democrat,0,0,N,N,NA
M,55-64,2,Independent,0,0,N,N,NA
F,65+,1,Independent,0,0,N,N,NA
M,55-64,1,Democrat,0,0,N,N,NA
M,18-24,3,Democrat,0,0,N,N,NA
M,65+,3,Democrat,0,0,N,N,NA
F,65+,2,Democrat,0,0,N,N,NA
F,45-54,2,Independent,0,0,N,N,NA
F,65+,3,Democrat,1,36,N,N,NA
M,45-54,3,Independent,0,0,N,N,NA
M,18-24,1,Democrat,0,0,N,N,NA
F,45-54,1,Democrat,0,0,N,N,NA
F,35-44,1,Democrat,0,0,N,N,NA
F,18-24,2,Democrat,0,0,N,N,NA
M,25-34,2,Democrat,0,0,N,N,NA
M,65+,3,Independent,0,0,N,N,NA
F,35-44,3,Independent,0,0,N,N,NA
M,65+,1,Democrat,0,0,N,N,NA
M,25-34,3,Democrat,0,0,N,N,NA
M,18-24,2,Independent,0,0,N,Y,Email
M,65+,3,Democrat,1,29,N,N,NA
M,18-24,1,Democrat,0,0,N,N,NA
F,65+,2,Democrat,0,0,N,N,NA
M,55-64,1,Democrat,0,0,N,N,NA
M,18-24,3,Other,1,25,N,N,NA
F,18-24,3,Other,0,0,N,N,NA
F,55-64,1,Democrat,0,0,N,Y,Twitter
F,65+,3,Democrat,0,0,N,Y,Email
M,25-34,3,Democrat,0,0,N,N,NA
M,65+,1,Democrat,0,0,N,N,NA
M,25-34,2,Independent,0,0,N,N,NA
F,65+,2,Democrat,1,24,N,N,NA
F,35-44,2,Democrat,0,0,N,N,NA
F,55-64,1,Democrat,0,0,N,Y,Email
M,18-24,3,Democrat,0,0,N,N,NA
F,25-34,2,Democrat,0,0,N,N,NA
M,35-44,2,Democrat,0,0,N,N,NA
F,35-44,1,Other,0,0,N,N,NA
M,35-44,1,Independent,0,0,N,N,NA
F,65+,1,Independent,0,0,N,N,NA
F,18-24,1,Other,0,0,N,N,NA
F,65+,1,Democrat,0,0,N,N,NA
F,45-54,3,Democrat,0,0,N,N,NA
M,35-44,3,Democrat,0,0,N,N,NA
M,45-54,3,Democrat,0,0,N,N,NA
F,35-44,3,Democrat,0,0,N,N,NA
F,45-54,3,Democrat,0,0,N,N,NA
F,45-54,2,Democrat,1,16,N,N,NA
F,65+,1,Democrat,0,0,N,N,NA
M,55-64,3,Democrat,0,0,N,N,NA
F,25-34,3,Democrat,0,0,N,N,NA
M,55-64,3,Democrat,0,0,N,N,NA
F,35-44,2,Other,0,0,N,N,NA
F,25-34,1,Democrat,0,0,N,N,NA
F,45-54,2,Democrat,0,0,N,N,NA
M,45-54,2,Democrat,0,0,N,N,NA
M,55-64,1,Democrat,0,0,N,Y,Twitter
M,35-44,2,Independent,0,0,N,N,NA
F,65+,1,Independent,0,0,N,N,NA
M,55-64,1,Independent,0,0,N,Y,Twitter
M,25-34,2,Democrat,0,0,N,N,NA
M,35-44,1,Democrat,0,0,N,N,NA
F,55-64,1,Other,0,0,N,N,NA
M,45-54,1,Democrat,0,0,Y,N,NA
M,25-34,2,Democrat,0,0,Y,N,NA
M,25-34,1,Democrat,0,0,N,N,NA
M,35-44,1,Democrat,0,0,N,N,NA
M,45-54,2,Democrat,0,0,N,N,NA
M,55-64,1,Democrat,0,0,N,N,NA
F,45-54,2,Independent,0,0,N,N,NA
F,65+,1,Independent,0,0,N,N,NA
F,18-24,2,Other,0,0,N,N,NA
M,65+,3,Democrat,0,0,N,N,NA
F,35-44,2,Independent,0,0,N,N,NA
F,45-54,3,Democrat,0,0,N,N,NA
M,55-64,2,Democrat,0,0,N,N,NA
F,25-34,2,Democrat,0,0,N,N,NA
M,25-34,2,Independent,0,0,N,Y,Twitter
M,65+,2,Independent,0,0,N,N,NA
F,18-24,3,Independent,0,0,N,N,NA
M,18-24,2,Democrat,0,0,N,N,NA
M,35-44,1,Democrat,0,0,N,N,NA
M,35-44,3,Democrat,0,0,N,N,NA
F,25-34,2,Democrat,0,0,N,N,NA
F,55-64,1,Independent,0,0,N,Y,Email
F,65+,1,Democrat,0,0,N,N,NA
M,18-24,1,Democrat,0,0,N,N,NA
F,25-34,1,Independent,0,0,N,N,NA
F,65+,2,Democrat,0,0,N,N,NA
F,65+,2,Independent,0,0,N,N,NA
M,45-54,3,Democrat,0,0,N,N,NA
M,25-34,2,Democrat,0,0,N,N,NA
F,25-34,2,Democrat,0,0,N,N,NA
F,35-44,1,Independent,0,0,N,N,NA
F,35-44,2,Democrat,0,0,N,N,NA
M,65+,1,Democrat,0,0,N,N,NA
F,35-44,2,Independent,0,0,N,N,NA
F,25-34,1,Other,0,0,N,N,NA
M,35-44,3,Other,0,0,N,N,NA
F,65+,2,Democrat,0,0,N,N,NA
M,55-64,2,Democrat,0,0,N,N,NA
F,65+,2,Democrat,1,17,N,N,NA
M,65+,2,Democrat,0,0,N,N,NA
M,55-64,1,Democrat,0,0,N,N,NA
F,18-24,2,Democrat,1,29,N,N,NA
F,65+,2,Democrat,1,16,N,N,NA
M,65+,3,Democrat,0,0,N,N,NA
M,18-24,2,Democrat,0,0,N,N,NA
M,35-44,2,Democrat,0,0,N,N,NA
M,18-24,1,Democrat,0,0,N,N,NA
M,65+,1,Independent,0,0,N,N,NA
M,18-24,3,Democrat,0,0,N,N,NA
M,18-24,1,Independent,0,0,N,N,NA
F,25-34,1,Democrat,0,0,N,N,NA
F,65+,1,Independent,0,0,N,N,NA
M,18-24,2,Democrat,0,0,N,N,NA
F,55-64,2,Independent,0,0,N,N,NA
F,65+,2,Democrat,0,0,N,N,NA
F,25-34,1,Democrat,0,0,N,Y,Email
F,25-34,1,Other,0,0,N,N,NA
F,35-44,2,Democrat,0,0,N,N,NA
F,35-44,2,Democrat,0,0,N,N,NA
F,25-34,2,Democrat,1,23,N,N,NA
M,35-44,3,Independent,0,0,N,N,NA
M,65+,1,Other,0,0,N,N,NA
M,25-34,3,Democrat,0,0,N,N,NA
M,25-34,3,Democrat,0,0,N,N,NA
M,35-44,2,Democrat,0,0,N,N,NA
M,65+,1,Democrat,0,0,N,N,NA
M,18-24,1,Other,0,0,N,N,NA
M,18-24,2,Democrat,0,0,N,N,NA
M,25-34,3,Democrat,0,0,N,N,NA
M,25-34,2,Democrat,0,0,N,N,NA
F,65+,2,Democrat,0,0,N,N,NA
M,18-24,3,Democrat,0,0,N,N,NA
M,25-34,2,Democrat,0,0,N,N,NA
M,18-24,2,Independent,0,0,N,N,NA
F,65+,1,Democrat,0,0,N,Y,Twitter
F,45-54,3,Other,0,0,N,N,NA
M,18-24,3,Democrat,0,0,N,N,NA
M,25-34,1,Independent,0,0,N,N,NA
M,25-34,2,Democrat,0,0,N,N,NA
M,35-44,3,Democrat,0,0,N,N,NA
M,65+,2,Other,0,0,N,N,NA
M,55-64,2,Democrat,0,0,N,Y,Email
F,55-64,2,Democrat,0,0,N,N,NA
M,55-64,3,Democrat,0,0,N,N,NA
F,25-34,2,Democrat,0,0,N,N,NA
M,18-24,3,Independent,0,0,N,N,NA
M,25-34,3,Democrat,0,0,N,N,NA
M,18-24,3,Other,0,0,N,N,NA
M,65+,3,Democrat,0,0,N,N,NA
M,18-24,3,Independent,0,0,N,N,NA
F,55-64,2,Democrat,0,0,N,N,NA
F,55-64,3,Independent,1,22,N,N,NA
M,65+,3,Democrat,1,43,N,N,NA
F,25-34,3,Independent,0,0,N,N,NA
M,65+,2,Democrat,0,0,N,N,NA
F,18-24,3,Independent,0,0,N,N,NA
M,35-44,2,Independent,0,0,N,N,NA
F,45-54,3,Democrat,1,38,N,N,NA
M,18-24,2,Democrat,0,0,N,N,NA
F,65+,1,Independent,0,0,N,N,NA
M,65+,2,Democrat,0,0,N,N,NA
M,25-34,1,Democrat,0,0,N,N,NA
M,25-34,2,Democrat,0,0,N,N,NA
M,45-54,2,Democrat,1,15,N,N,NA
F,65+,2,Democrat,0,0,N,N,NA
M,45-54,1,Democrat,0,0,N,N,NA
F,18-24,1,Democrat,1,21,N,N,NA
F,18-24,2,Other,0,0,N,N,NA
F,65+,3,Democrat,0,0,N,N,NA
M,35-44,1,Democrat,0,0,N,N,NA
M,65+,3,Democrat,1,42,N,N,NA
F,18-24,1,Democrat,0,0,N,N,NA
M,18-24,1,Other,0,0,N,N,NA
M,55-64,2,Democrat,0,0,N,N,NA
M,18-24,2,Democrat,0,0,N,N,NA
F,18-24,3,Democrat,0,0,N,N,NA
F,18-24,1,Independent,0,0,N,Y,Twitter
F,25-34,1,Democrat,0,0,N,N,NA
F,35-44,3,Other,0,0,N,Y,Email
F,65+,2,Independent,0,0,N,N,NA
M,25-34,3,Independent,0,0,N,N,NA
M,35-44,3,Democrat,0,0,N,N,NA
F,35-44,1,Other,0,0,N,N,NA
F,55-64,3,Democrat,0,0,N,N,NA
M,55-64,2,Democrat,0,0,N,N,NA
M,35-44,2,Other,0,0,N,N,NA
F,25-34,3,Democrat,0,0,N,N,NA
F,55-64,3,Democrat,0,0,N,N,NA
F,25-34,1,Democrat,0,0,N,N,NA
F,25-34,2,Democrat,1,30,N,N,NA
F,45-54,2,Democrat,0,0,N,N,NA
M,25-34,1,Democrat,0,0,N,N,NA
F,65+,1,Independent,0,0,N,N,NA
M,65+,3,Independent,0,0,N,N,NA
M,65+,3,Democrat,0,0,N,N,NA
F,55-64,2,Democrat,0,0,N,N,NA
M,18-24,3,Other,0,0,N,N,NA
M,65+,3,Other,0,0,N,N,NA
M,18-24,3,Democrat,0,0,N,Y,Email
M,18-24,2,Democrat,0,0,N,N,NA
M,55-64,3,Democrat,0,0,N,N,NA
M,18-24,2,Democrat,0,0,N,N,NA
M,18-24,3,Democrat,0,0,N,N,NA
M,65+,2,Democrat,0,0,N,N,NA
F,25-34,3,Democrat,0,0,N,N,NA
M,18-24,1,Democrat,0,0,N,Y,Email
F,45-54,3,Democrat,0,0,N,N,NA
M,35-44,2,Democrat,0,0,N,N,NA
F,25-34,3,Democrat,0,0,N,N,NA
M,55-64,3,Democrat,0,0,N,N,NA
M,35-44,3,Democrat,0,0,N,N,NA
F,25-34,1,Other,0,0,N,N,NA
F,18-24,3,Other,0,0,N,Y,Twitter
M,25-34,3,Democrat,0,0,N,N,NA
M,65+,2,Other,0,0,N,N,NA
F,55-64,2,Democrat,0,0,N,N,NA
M,35-44,2,Democrat,0,0,N,N,NA
M,35-44,3,Democrat,0,0,N,N,NA
M,25-34,3,Other,0,0,N,N,NA
F,65+,2,Democrat,0,0,N,N,NA
M,65+,1,Other,0,0,N,N,NA
M,18-24,2,Democrat,0,0,N,N,NA
M,35-44,1,Democrat,0,0,N,N,NA
M,25-34,2,Democrat,0,0,N,N,NA
M,18-24,1,Independent,0,0,N,N,NA
M,45-54,2,Democrat,0,0,N,N,NA
F,18-24,1,Democrat,0,0,N,N,NA
M,35-44,1,Democrat,0,0,N,Y,Twitter
F,25-34,2,Democrat,0,0,N,N,NA
F,18-24,1,Independent,0,0,N,N,NA
F,65+,2,Democrat,0,0,N,N,NA
M,65+,3,Other,0,0,N,N,NA
F,45-54,1,Democrat,0,0,N,N,NA
F,18-24,2,Other,0,0,N,N,NA
M,25-34,3,Democrat,0,0,N,N,NA
F,65+,1,Democrat,0,0,N,N,NA
M,18-24,3,Democrat,0,0,N,N,NA
M,35-44,1,Democrat,0,0,N,N,NA
M,18-24,3,Other,0,0,N,Y,Email
M,18-24,2,Democrat,1,26,N,N,NA
F,25-34,3,Other,0,0,N,N,NA
M,35-44,1,Independent,0,0,N,N,NA
F,25-34,1,Independent,0,0,N,N,NA
M,18-24,2,Democrat,0,0,N,N,NA
F,25-34,3,Democrat,0,0,N,N,NA
M,65+,2,Independent,0,0,N,N,NA
F,25-34,2,Democrat,0,0,N,N,NA
F,25-34,1,Democrat,0,0,N,N,NA
F,18-24,3,Independent,0,0,N,N,NA
F,25-34,1,Democrat,0,0,N,N,NA
F,65+,2,Democrat,0,0,N,N,NA
F,65+,3,Other,0,0,N,N,NA
F,65+,2,Democrat,0,0,N,N,NA
F,18-24,3,Democrat,0,0,N,N,NA
M,18-24,2,Independent,0,0,N,N,NA
F,25-34,3,Democrat,0,0,N,N,NA
F,25-34,1,Democrat,0,0,N,N,NA
F,35-44,2,Democrat,0,0,N,N,NA
M,35-44,1,Democrat,0,0,N,N,NA
M,55-64,3,Democrat,0,0,N,N,NA
M,55-64,3,Other,0,0,N,N,NA
F,35-44,3,Other,0,0,N,Y,Email
F,55-64,2,Democrat,0,0,N,N,NA
M,25-34,1,Democrat,0,0,N,N,NA
F,18-24,2,Democrat,0,0,N,N,NA
M,25-34,3,Democrat,0,0,N,N,NA
M,65+,1,Democrat,0,0,N,N,NA
F,18-24,2,Democrat,0,0,N,N,NA
M,55-64,3,Independent,0,0,N,N,NA
F,55-64,2,Democrat,0,0,N,N,NA
F,25-34,1,Other,0,0,N,N,NA
M,25-34,2,Democrat,0,0,N,N,NA
M,65+,1,Democrat,0,0,N,N,NA
M,65+,2,Democrat,0,0,N,N,NA
M,65+,3,Democrat,0,0,N,N,NA
F,65+,1,Independent,0,0,N,N,NA
M,65+,2,Democrat,0,0,N,N,NA
F,18-24,3,Democrat,0,0,N,N,NA
M,45-54,2,Democrat,0,0,N,N,NA
F,55-64,1,Democrat,0,0,N,N,NA
F,65+,3,Democrat,0,0,N,N,NA
M,45-54,2,Democrat,0,0,N,N,NA
F,25-34,2,Democrat,0,0,N,N,NA
M,25-34,3,Democrat,0,0,N,N,NA
F,55-64,3,Democrat,0,0,N,N,NA
M,25-34,1,Democrat,1,17,N,N,NA
M,65+,1,Other,0,0,N,N,NA
F,18-24,1,Democrat,0,0,N,Y,Twitter
M,35-44,3,Other,0,0,N,N,NA
M,65+,1,Democrat,0,0,N,N,NA
M,18-24,2,Independent,0,0,N,N,NA
M,65+,2,Democrat,0,0,N,N,NA
F,65+,2,Independent,0,0,N,Y,Email
M,35-44,3,Democrat,0,0,N,N,NA
M,18-24,3,Democrat,0,0,N,N,NA
M,25-34,2,Democrat,0,0,N,N,NA
M,65+,3,Independent,0,0,N,N,NA
F,18-24,1,Democrat,0,0,N,Y,Email
F,65+,1,Democrat,0,0,N,N,NA
M,18-24,2,Independent,0,0,N,Y,Twitter
F,55-64,1,Democrat,0,0,N,N,NA
F,35-44,1,Democrat,0,0,N,N,NA
F,65+,3,Democrat,0,0,N,N,NA
M,18-24,2,Democrat,1,26,N,N,NA
F,18-24,2,Democrat,0,0,N,N,NA
M,25-34,1,Democrat,0,0,N,N,NA
M,65+,2,Other,0,0,N,N,NA
M,65+,3,Democrat,0,0,N,N,NA
M,18-24,2,Democrat,0,0,N,N,NA
M,18-24,1,Independent,0,0,N,N,NA
M,25-34,1,Democrat,0,0,N,N,NA
F,25-34,1,Other,0,0,N,N,NA
M,45-54,3,Democrat,0,0,N,N,NA
F,25-34,2,Democrat,0,0,N,N,NA
M,55-64,3,Democrat,0,0,N,N,NA
M,45-54,1,Democrat,0,0,N,N,NA
M,25-34,1,Other,0,0,N,Y,Email
M,18-24,3,Democrat,0,0,N,N,NA
M,25-34,3,Other,0,0,N,N,NA
F,18-24,2,Democrat,1,22,N,N,NA
M,55-64,3,Democrat,0,0,N,N,NA
F,35-44,1,Democrat,0,0,N,N,NA
F,18-24,3,Independent,0,0,Y,N,NA
F,25-34,3,Democrat,0,0,N,N,NA
M,65+,3,Independent,0,0,N,N,NA
F,65+,1,Democrat,0,0,N,Y,Email
F,55-64,3,Democrat,0,0,N,N,NA
F,25-34,2,Democrat,0,0,N,Y,Email
M,35-44,2,Democrat,0,0,N,N,NA
F,65+,3,Democrat,0,0,N,Y,Twitter
F,45-54,1,Democrat,1,28,N,N,NA
M,25-34,3,Democrat,0,0,N,N,NA
M,65+,1,Democrat,0,0,N,N,NA
M,25-34,2,Independent,0,0,N,N,NA
M,18-24,3,Other,0,0,N,N,NA
F,65+,3,Democrat,0,0,N,N,NA
M,25-34,1,Democrat,0,0,N,N,NA
M,65+,3,Democrat,0,0,N,N,NA
M,25-34,3,Democrat,0,0,N,N,NA
M,18-24,2,Independent,0,0,N,N,NA
F,65+,3,Democrat,0,0,N,N,NA
M,35-44,2,Democrat,0,0,N,N,NA
F,65+,3,Democrat,0,0,N,N,NA
M,18-24,2,Democrat,0,0,N,N,NA
F,45-54,3,Democrat,0,0,N,N,NA
F,65+,1,Democrat,0,0,N,N,NA
M,65+,2,Independent,0,0,N,N,NA
M,25-34,1,Democrat,0,0,N,N,NA
M,65+,3,Other,0,0,N,N,NA
M,25-34,1,Democrat,0,0,N,N,NA
M,18-24,1,Democrat,0,0,N,N,NA
F,45-54,3,Independent,0,0,N,N,NA
M,35-44,3,Democrat,0,0,N,N,NA
F,45-54,2,Democrat,1,19,N,N,NA
F,18-24,1,Democrat,0,0,N,N,NA
M,25-34,2,Independent,1,17,N,N,NA
F,65+,2,Other,0,0,Y,N,NA
M,18-24,1,Democrat,0,0,N,N,NA
F,45-54,1,Independent,0,0,N,N,NA
M,65+,2,Democrat,0,0,N,Y,Twitter
M,65+,1,Democrat,0,0,N,N,NA
M,65+,1,Democrat,0,0,N,N,NA
M,35-44,3,Democrat,0,0,N,N,NA
F,65+,1,Democrat,0,0,N,N,NA
M,65+,2,Democrat,0,0,N,N,NA
F,65+,1,Democrat,0,0,N,N,NA
M,65+,3,Independent,0,0,N,N,NA
M,18-24,2,Democrat,1,24,N,N,NA
F,45-54,3,Democrat,0,0,N,N,NA
F,18-24,3,Democrat,0,0,N,N,NA
M,65+,1,Democrat,1,19,N,N,NA
F,65+,3,Other,0,0,N,N,NA
M,18-24,3,Independent,0,0,N,N,NA
F,35-44,2,Democrat,0,0,N,N,NA
M,18-24,2,Other,0,0,N,N,NA
F,65+,1,Independent,0,0,N,N,NA
F,18-24,3,Democrat,0,0,N,N,NA
M,18-24,2,Democrat,0,0,N,N,NA
F,25-34,1,Democrat,0,0,N,N,NA
F,55-64,1,Democrat,0,0,N,N,NA
M,25-34,3,Democrat,0,0,N,N,NA
M,65+,2,Democrat,0,0,N,N,NA
M,18-24,3,Independent,0,0,N,N,NA
F,65+,1,Independent,0,0,N,N,NA
M,25-34,1,Democrat,0,0,N,N,NA
F,35-44,2,Democrat,0,0,N,N,NA
M,65+,2,Democrat,0,0,N,N,NA
M,25-34,3,Democrat,0,0,N,N,NA
M,45-54,2,Independent,0,0,N,N,NA
F,45-54,2,Democrat,0,0,N,N,NA
F,35-44,2,Democrat,0,0,N,N,NA
F,65+,2,Independent,0,0,N,N,NA
F,35-44,1,Democrat,0,0,N,Y,Twitter
M,25-34,1,Democrat,0,0,N,N,NA
F,25-34,2,Democrat,0,0,N,N,NA
F,25-34,3,Democrat,0,0,N,N,NA
M,65+,1,Democrat,0,0,N,N,NA
M,65+,1,Independent,0,0,N,N,NA
M,35-44,3,Independent,0,0,N,N,NA
F,65+,2,Other,0,0,N,N,NA
M,65+,3,Democrat,0,0,N,N,NA
M,45-54,1,Democrat,0,0,N,N,NA
F,18-24,2,Independent,0,0,N,N,NA
M,65+,2,Democrat,0,0,N,N,NA
M,25-34,1,Democrat,0,0,N,N,NA
M,45-54,2,Independent,0,0,N,N,NA
F,35-44,1,Democrat,0,0,N,N,NA
F,18-24,3,Independent,0,0,N,N,NA
F,65+,1,Independent,0,0,N,N,NA
F,25-34,1,Democrat,0,0,N,N,NA
F,35-44,3,Democrat,0,0,N,N,NA
M,35-44,3,Democrat,0,0,N,Y,Email
M,18-24,1,Other,0,0,N,N,NA
F,25-34,3,Democrat,0,0,N,N,NA
F,65+,2,Independent,0,0,N,N,NA
M,25-34,3,Democrat,0,0,N,N,NA
M,25-34,2,Democrat,0,0,N,N,NA
F,25-34,1,Democrat,0,0,N,Y,Email
F,25-34,2,Independent,0,0,N,N,NA
M,18-24,3,Democrat,0,0,N,Y,Twitter
M,45-54,3,Democrat,0,0,N,N,NA
M,55-64,3,Democrat,0,0,N,N,NA
M,25-34,2,Democrat,0,0,N,N,NA
M,35-44,1,Democrat,0,0,N,N,NA
M,55-64,2,Democrat,0,0,N,N,NA
F,25-34,1,Democrat,0,0,N,N,NA
M,18-24,2,Democrat,0,0,N,N,NA
F,18-24,2,Democrat,0,0,N,N,NA
M,18-24,3,Democrat,0,0,N,N,NA
M,18-24,2,Democrat,0,0,N,Y,Email
F,65+,1,Democrat,0,0,N,N,NA
F,65+,2,Independent,0,0,N,N,NA
F,65+,1,Democrat,0,0,N,N,NA
M,18-24,1,Democrat,0,0,N,N,NA
F,65+,2,Democrat,0,0,N,N,NA
M,35-44,3,Democrat,0,0,N,N,NA
F,25-34,2,Independent,0,0,N,N,NA
M,65+,1,Democrat,0,0,N,N,NA
M,18-24,3,Democrat,0,0,N,N,NA
F,18-24,3,Democrat,0,0,N,N,NA
F,65+,1,Democrat,0,0,N,N,NA
M,35-44,3,Democrat,0,0,N,N,NA
M,18-24,3,Independent,0,0,N,N,NA
F,65+,3,Independent,0,0,N,N,NA
F,25-34,2,Democrat,0,0,N,N,NA
M,35-44,2,Independent,0,0,N,N,NA
M,25-34,2,Other,0,0,N,N,NA
F,55-64,2,Democrat,0,0,N,N,NA
M,18-24,1,Democrat,0,0,N,N,NA
M,55-64,2,Democrat,0,0,N,N,NA
F,25-34,1,Democrat,0,0,N,N,NA
M,25-34,1,Independent,0,0,N,N,NA
F,25-34,3,Democrat,0,0,N,N,NA
M,18-24,2,Democrat,0,0,N,N,NA
M,18-24,1,Democrat,0,0,N,N,NA
M,65+,3,Democrat,0,0,N,N,NA
F,18-24,3,Independent,0,0,N,N,NA
F,18-24,2,Democrat,0,0,N,N,NA
F,65+,3,Democrat,0,0,N,N,NA
M,65+,3,Independent,0,0,N,N,NA
M,18-24,3,Democrat,0,0,N,N,NA
F,35-44,3,Democrat,0,0,Y,N,NA
M,18-24,2,Other,0,0,N,N,NA
F,18-24,3,Democrat,0,0,N,N,NA
M,55-64,3,Independent,0,0,N,N,NA
F,18-24,1,Other,0,0,N,N,NA
F,35-44,1,Democrat,0,0,N,N,NA
F,18-24,1,Democrat,1,14,N,N,NA
M,35-44,3,Democrat,0,0,N,N,NA
M,18-24,3,Independent,0,0,N,N,NA
F,35-44,3,Independent,0,0,N,N,NA
M,35-44,2,Independent,0,0,N,N,NA
F,25-34,1,Democrat,0,0,N,N,NA
M,18-24,2,Other,0,0,N,N,NA
F,65+,2,Other,0,0,N,N,NA
M,25-34,1,Independent,0,0,N,N,NA
F,18-24,1,Democrat,0,0,N,N,NA
M,65+,3,Democrat,0,0,N,N,NA
M,65+,1,Other,0,0,N,N,NA
F,35-44,3,Democrat,0,0,N,N,NA
F,45-54,3,Democrat,0,0,N,N,NA
F,45-54,3,Democrat,0,0,N,Y,Email
M,18-24,1,Democrat,0,0,N,N,NA
M,65+,3,Democrat,0,0,N,Y,Email
F,65+,2,Democrat,0,0,N,N,NA
M,18-24,1,Democrat,0,0,N,N,NA
M,25-34,1,Democrat,0,0,N,N,NA
F,65+,1,Independent,0,0,N,N,NA
M,25-34,2,Other,0,0,N,N,NA
F,55-64,3,Democrat,0,0,N,N,NA
F,18-24,1,Democrat,0,0,N,N,NA
F,35-44,3,Democrat,0,0,N,N,NA
M,18-24,1,Democrat,0,0,N,N,NA
F,25-34,1,Independent,0,0,N,N,NA
F,25-34,3,Democrat,0,0,N,N,NA
F,25-34,3,Democrat,0,0,N,N,NA
M,55-64,2,Democrat,0,0,N,N,NA
M,35-44,1,Democrat,0,0,N,Y,Twitter
M,25-34,3,Other,0,0,N,N,NA
M,18-24,1,Democrat,0,0,Y,Y,Email
M,25-34,2,Independent,0,0,N,N,NA
F,65+,1,Other,0,0,N,N,NA
M,45-54,3,Democrat,0,0,N,N,NA
M,18-24,3,Independent,0,0,N,N,NA
M,45-54,1,Independent,0,0,N,N,NA
M,45-54,2,Other,0,0,N,N,NA
M,35-44,2,Independent,0,0,N,N,NA
M,65+,3,Democrat,0,0,N,N,NA
F,18-24,1,Democrat,0,0,N,Y,Email
F,18-24,3,Independent,0,0,N,N,NA
F,45-54,2,Democrat,0,0,N,Y,Email
F,55-64,2,Democrat,1,16,N,N,NA
M,35-44,2,Democrat,0,0,N,N,NA
M,18-24,3,Democrat,0,0,N,N,NA
M,35-44,1,Democrat,0,0,Y,N,NA
F,55-64,2,Independent,0,0,N,N,NA
M,25-34,2,Democrat,0,0,N,N,NA
M,55-64,2,Democrat,0,0,N,N,NA
M,45-54,1,Democrat,0,0,N,N,NA
F,25-34,2,Democrat,0,0,N,N,NA
F,35-44,1,Democrat,0,0,N,N,NA
F,18-24,2,Democrat,0,0,N,N,NA
M,25-34,1,Democrat,0,0,N,N,NA
M,45-54,1,Independent,0,0,N,N,NA
M,18-24,2,Independent,0,0,N,N,NA
M,55-64,3,Democrat,0,0,N,N,NA
M,65+,1,Democrat,0,0,Y,N,NA
F,18-24,3,Democrat,0,0,N,N,NA
F,55-64,3,Other,0,0,N,N,NA
F,25-34,2,Independent,0,0,N,N,NA
M,55-64,3,Democrat,0,0,N,N,NA
F,55-64,1,Democrat,0,0,N,N,NA
F,65+,3,Other,0,0,N,N,NA
M,65+,2,Democrat,0,0,N,N,NA
M,18-24,2,Democrat,0,0,N,N,NA
F,18-24,3,Democrat,1,33,N,N,NA
M,65+,2,Democrat,0,0,N,N,NA
M,18-24,3,Democrat,0,0,N,N,NA
M,35-44,1,Democrat,0,0,N,N,NA
M,25-34,1,Independent,0,0,N,N,NA
F,65+,3,Independent,0,0,N,Y,Email
M,18-24,3,Democrat,0,0,N,N,NA
F,35-44,1,Democrat,0,0,N,N,NA
M,45-54,2,Independent,0,0,N,N,NA
F,35-44,2,Other,0,0,N,N,NA
M,35-44,2,Democrat,0,0,N,N,NA
F,65+,1,Democrat,1,18,N,N,NA
F,65+,3,Democrat,1,41,N,N,NA
F,18-24,1,Democrat,0,0,N,N,NA
F,35-44,2,Democrat,0,0,N,N,NA
M,65+,2,Independent,0,0,N,N,NA
M,65+,1,Democrat,0,0,N,N,NA
M,35-44,1,Other,0,0,N,N,NA
M,25-34,1,Democrat,0,0,Y,N,NA
M,18-24,2,Other,0,0,N,N,NA
F,18-24,3,Democrat,0,0,N,N,NA
M,45-54,1,Independent,0,0,N,N,NA
F,25-34,1,Independent,0,0,N,N,NA
M,45-54,3,Democrat,0,0,N,N,NA
F,65+,3,Democrat,0,0,N,N,NA
F,25-34,2,Democrat,0,0,N,N,NA
F,25-34,3,Democrat,0,0,N,N,NA
F,18-24,2,Independent,0,0,N,N,NA
M,35-44,1,Democrat,0,0,N,N,NA
F,65+,3,Democrat,0,0,N,N,NA
M,55-64,2,Democrat,0,0,N,N,NA
F,65+,2,Democrat,0,0,N,N,NA
M,55-64,1,Democrat,0,0,N,N,NA
F,65+,1,Democrat,0,0,N,N,NA
F,65+,1,Independent,0,0,N,N,NA
M,65+,3,Democrat,0,0,N,N,NA
F,65+,1,Democrat,0,0,N,N,NA
M,55-64,2,Democrat,0,0,N,N,NA
F,65+,1,Independent,0,0,N,Y,Email
M,65+,1,Democrat,0,0,N,N,NA
F,65+,3,Independent,0,0,N,N,NA
M,25-34,3,Independent,0,0,N,N,NA
F,65+,1,Other,0,0,N,N,NA
M,65+,1,Democrat,0,0,N,N,NA
M,25-34,3,Democrat,0,0,N,N,NA
F,25-34,3,Democrat,0,0,N,N,NA
F,45-54,3,Democrat,0,0,N,N,NA
F,45-54,2,Democrat,0,0,N,Y,Email
M,18-24,1,Other,0,0,N,N,NA
F,65+,2,Independent,0,0,N,N,NA
M,25-34,1,Democrat,0,0,N,N,NA
F,65+,2,Democrat,0,0,Y,N,NA
F,65+,2,Democrat,0,0,N,N,NA
F,65+,3,Independent,1,21,N,N,NA
F,65+,1,Democrat,0,0,N,N,NA
M,25-34,1,Democrat,0,0,N,N,NA
F,65+,1,Independent,0,0,N,Y,Email
M,65+,3,Democrat,0,0,N,N,NA
M,25-34,2,Democrat,0,0,N,N,NA
F,18-24,3,Independent,0,0,N,N,NA
F,45-54,3,Independent,0,0,N,N,NA
F,65+,3,Independent,0,0,N,N,NA
F,25-34,2,Democrat,1,17,N,N,NA
F,45-54,1,Democrat,0,0,N,N,NA
M,35-44,1,Democrat,0,0,N,N,NA
F,18-24,2,Democrat,0,0,N,N,NA
M,45-54,1,Democrat,0,0,N,Y,Email
M,25-34,3,Other,0,0,N,N,NA
F,25-34,3,Democrat,0,0,N,N,NA
F,25-34,3,Democrat,0,0,N,N,NA
F,55-64,3,Democrat,0,0,N,N,NA
F,65+,2,Democrat,0,0,N,N,NA
F,65+,3,Democrat,0,0,N,N,NA
F,18-24,2,Democrat,1,21,N,N,NA
F,25-34,1,Democrat,0,0,N,N,NA
F,25-34,3,Democrat,0,0,N,N,NA
M,55-64,1,Democrat,0,0,N,Y,Twitter
M,45-54,1,Democrat,0,0,N,N,NA
M,65+,1,Democrat,0,0,N,N,NA
F,55-64,1,Democrat,0,0,N,N,NA
M,35-44,3,Independent,0,0,N,N,NA
M,35-44,3,Democrat,0,0,N,N,NA
M,55-64,3,Democrat,0,0,N,N,NA
M,25-34,2,Democrat,0,0,N,N,NA
F,25-34,3,Democrat,0,0,N,N,NA
F,18-24,3,Democrat,0,0,N,N,NA
M,25-34,3,Democrat,0,0,N,N,NA
F,45-54,1,Democrat,0,0,N,N,NA
M,65+,3,Democrat,0,0,N,N,NA
F,65+,3,Independent,0,0,N,N,NA
F,65+,1,Other,0,0,N,Y,Email
M,25-34,2,Democrat,0,0,N,N,NA
F,25-34,2,Democrat,0,0,N,N,NA
F,65+,2,Democrat,0,0,N,N,NA
M,65+,1,Democrat,0,0,Y,N,NA
M,18-24,2,Democrat,0,0,N,N,NA
M,18-24,2,Democrat,0,0,N,N,NA
F,55-64,1,Democrat,0,0,N,N,NA
M,25-34,1,Independent,0,0,N,N,NA
M,18-24,3,Democrat,0,0,N,N,NA
M,65+,1,Democrat,0,0,N,N,NA
M,45-54,2,Democrat,0,0,N,N,NA
M,65+,2,Independent,1,24,N,N,NA
M,65+,3,Democrat,0,0,N,N,NA
F,65+,3,Independent,0,0,N,N,NA
M,55-64,1,Democrat,0,0,N,N,NA
M,65+,1,Other,0,0,N,N,NA
M,65+,2,Independent,0,0,N,N,NA
F,65+,1,Democrat,0,0,N,N,NA
M,65+,3,Democrat,0,0,N,N,NA
M,25-34,1,Democrat,0,0,N,N,NA
M,65+,1,Democrat,0,0,N,N,NA
M,55-64,1,Other,0,0,N,N,NA
M,18-24,1,Democrat,0,0,N,N,NA
F,18-24,3,Independent,0,0,N,N,NA
F,18-24,3,Independent,0,0,N,N,NA
F,65+,3,Democrat,0,0,N,N,NA
F,25-34,1,Democrat,0,0,N,N,NA
F,55-64,2,Other,0,0,N,N,NA
M,18-24,3,Democrat,0,0,N,N,NA
M,35-44,3,Other,0,0,N,N,NA
F,65+,2,Democrat,0,0,N,N,NA
M,25-34,2,Democrat,0,0,N,N,NA
F,35-44,2,Democrat,0,0,N,N,NA
M,35-44,2,Democrat,0,0,N,N,NA
M,55-64,3,Democrat,0,0,N,N,NA
M,25-34,3,Democrat,0,0,N,N,NA
F,18-24,1,Democrat,0,0,N,N,NA
M,25-34,3,Independent,0,0,N,Y,Email
F,65+,1,Democrat,0,0,N,N,NA
M,35-44,2,Democrat,0,0,N,N,NA
M,55-64,1,Independent,0,0,N,Y,Email
M,25-34,1,Democrat,0,0,N,N,NA
F,18-24,1,Democrat,0,0,N,N,NA
M,55-64,3,Democrat,0,0,N,N,NA
M,65+,3,Independent,0,0,Y,N,NA
M,18-24,1,Independent,0,0,N,N,NA
M,65+,1,Democrat,0,0,N,N,NA
F,18-24,3,Democrat,0,0,N,N,NA
F,25-34,3,Democrat,0,0,N,N,NA
F,35-44,2,Democrat,0,0,N,N,NA
M,18-24,3,Democrat,0,0,N,N,NA
M,65+,3,Democrat,0,0,N,N,NA
M,35-44,1,Independent,0,0,N,N,NA
M,25-34,2,Democrat,0,0,N,N,NA
F,25-34,1,Independent,0,0,N,N,NA
M,45-54,2,Democrat,0,0,N,N,NA
M,65+,2,Democrat,0,0,N,N,NA
F,18-24,2,Other,0,0,N,N,NA
F,55-64,3,Democrat,0,0,N,N,NA
F,25-34,1,Democrat,0,0,N,N,NA
M,25-34,3,Democrat,0,0,N,N,NA
M,45-54,2,Democrat,0,0,N,N,NA
F,55-64,3,Democrat,0,0,N,N,NA
M,65+,3,Democrat,0,0,N,N,NA
F,25-34,3,Democrat,0,0,N,N,NA
F,65+,2,Independent,1,18,N,N,NA
F,55-64,3,Other,0,0,N,N,NA
M,45-54,1,Democrat,0,0,N,N,NA
M,55-64,2,Other,0,0,N,N,NA
F,25-34,2,Other,0,0,N,N,NA
F,35-44,1,Democrat,0,0,N,N,NA
M,55-64,1,Other,0,0,N,N,NA
F,65+,3,Independent,0,0,N,N,NA
M,25-34,1,Independent,0,0,N,N,NA
F,65+,2,Democrat,0,0,N,N,NA
M,18-24,2,Independent,0,0,N,N,NA
F,35-44,2,Democrat,1,17,N,N,NA
F,65+,1,Democrat,0,0,N,N,NA
F,35-44,3,Democrat,0,0,N,N,NA
F,65+,1,Democrat,0,0,N,N,NA
M,18-24,3,Democrat,0,0,N,N,NA
F,55-64,2,Independent,1,22,N,N,NA
F,35-44,1,Democrat,0,0,N,N,NA
F,65+,3,Independent,1,19,N,N,NA
M,18-24,2,Democrat,0,0,N,N,NA
F,18-24,1,Democrat,0,0,N,N,NA
F,25-34,2,Independent,0,0,N,N,NA
M,55-64,2,Independent,0,0,N,N,NA
F,55-64,3,Democrat,0,0,N,Y,Email
F,18-24,1,Democrat,0,0,N,N,NA
F,65+,1,Other,0,0,N,N,NA
M,65+,3,Other,0,0,N,N,NA
M,65+,1,Democrat,0,0,N,N,NA
F,18-24,2,Independent,0,0,N,N,NA
F,18-24,2,Democrat,0,0,N,N,NA
M,25-34,1,Democrat,0,0,N,N,NA
M,65+,2,Independent,0,0,N,N,NA
F,18-24,1,Democrat,0,0,N,N,NA
M,45-54,1,Democrat,1,22,N,Y,Email
M,65+,1,Democrat,0,0,N,N,NA
M,45-54,2,Democrat,0,0,N,N,NA
F,35-44,1,Democrat,0,0,N,N,NA
F,65+,3,Democrat,0,0,N,N,NA
F,25-34,1,Democrat,0,0,N,N,NA
F,35-44,2,Democrat,0,0,N,N,NA
F,65+,2,Democrat,0,0,N,Y,Twitter
F,25-34,1,Independent,0,0,N,N,NA
F,55-64,3,Democrat,0,0,N,N,NA
M,18-24,3,Independent,0,0,N,N,NA
F,18-24,1,Democrat,0,0,N,N,NA
F,25-34,1,Democrat,0,0,N,N,NA
M,35-44,2,Democrat,0,0,N,N,NA
F,65+,1,Democrat,0,0,N,N,NA
M,65+,2,Democrat,0,0,N,N,NA
F,55-64,1,Democrat,0,0,N,N,NA
F,18-24,2,Democrat,0,0,N,N,NA
F,25-34,2,Democrat,0,0,N,N,NA
F,25-34,2,Democrat,1,20,N,N,NA
F,65+,2,Democrat,0,0,N,N,NA
M,65+,3,Democrat,0,0,N,N,NA
M,25-34,3,Democrat,0,0,N,N,NA
M,65+,1,Independent,0,0,N,N,NA
M,55-64,3,Democrat,0,0,N,N,NA
M,35-44,1,Democrat,0,0,N,N,NA
M,55-64,3,Democrat,0,0,N,N,NA
M,18-24,1,Democrat,1,21,N,N,NA
M,35-44,1,Democrat,0,0,N,N,NA
M,35-44,3,Democrat,0,0,N,N,NA
F,55-64,2,Independent,0,0,N,N,NA
M,65+,1,Democrat,0,0,N,N,NA
M,25-34,3,Democrat,0,0,N,N,NA
M,65+,1,Independent,0,0,N,N,NA
M,35-44,3,Democrat,0,0,N,N,NA
M,45-54,1,Independent,0,0,N,N,NA
M,65+,2,Democrat,0,0,N,N,NA
F,18-24,3,Independent,0,0,N,N,NA
F,65+,2,Independent,0,0,N,N,NA
M,35-44,2,Democrat,0,0,N,N,NA
F,18-24,1,Democrat,0,0,N,N,NA
F,25-34,1,Democrat,0,0,N,N,NA
F,35-44,3,Democrat,0,0,N,N,NA
M,65+,2,Democrat,0,0,N,N,NA
F,65+,1,Democrat,0,0,N,N,NA
M,18-24,1,Democrat,0,0,N,N,NA
F,35-44,1,Democrat,0,0,N,N,NA
F,18-24,3,Democrat,0,0,N,N,NA
M,65+,3,Independent,0,0,N,N,NA
F,55-64,2,Independent,0,0,N,N,NA
F,25-34,2,Democrat,0,0,N,N,NA
F,55-64,3,Democrat,0,0,N,N,NA
M,18-24,1,Democrat,0,0,N,Y,Twitter
M,65+,2,Other,0,0,N,N,NA
F,55-64,3,Democrat,0,0,N,N,NA
F,18-24,3,Democrat,0,0,N,N,NA
F,65+,1,Democrat,0,0,N,N,NA
F,55-64,3,Democrat,0,0,N,N,NA
M,18-24,2,Democrat,0,0,N,N,NA
M,18-24,1,Democrat,0,0,N,N,NA
F,35-44,3,Democrat,0,0,N,N,NA
M,55-64,1,Democrat,0,0,N,N,NA
M,55-64,3,Other,0,0,N,Y,Email
F,25-34,1,Independent,0,0,N,N,NA
M,35-44,2,Democrat,0,0,N,N,NA
M,25-34,2,Independent,0,0,N,N,NA
M,18-24,2,Democrat,0,0,N,N,NA
M,35-44,3,Democrat,0,0,N,N,NA
M,55-64,3,Democrat,0,0,N,N,NA
M,45-54,1,Independent,0,0,N,N,NA
M,18-24,3,Democrat,0,0,N,N,NA
M,65+,2,Other,0,0,N,N,NA
M,25-34,1,Democrat,0,0,N,N,NA
M,18-24,2,Democrat,0,0,N,N,NA
F,65+,2,Democrat,0,0,N,N,NA
M,55-64,2,Independent,0,0,N,N,NA
M,65+,3,Democrat,0,0,N,N,NA
F,45-54,1,Independent,0,0,N,N,NA
F,35-44,2,Democrat,0,0,N,N,NA
M,35-44,3,Other,0,0,N,N,NA
M,18-24,1,Democrat,0,0,N,N,NA
M,65+,2,Democrat,0,0,N,N,NA
F,35-44,2,Democrat,0,0,N,N,NA
F,35-44,1,Independent,0,0,N,N,NA
F,55-64,3,Other,0,0,N,N,NA
F,65+,3,Democrat,0,0,N,N,NA
M,18-24,2,Democrat,0,0,N,N,NA
M,45-54,1,Democrat,0,0,N,N,NA
F,65+,1,Democrat,0,0,Y,Y,Twitter
M,25-34,3,Democrat,0,0,N,N,NA
F,65+,3,Democrat,0,0,N,N,NA
M,35-44,3,Independent,0,0,N,N,NA
M,55-64,1,Democrat,0,0,N,N,NA
M,65+,3,Independent,0,0,N,N,NA
F,45-54,3,Democrat,0,0,N,N,NA
M,18-24,3,Other,0,0,N,N,NA
M,35-44,3,Independent,0,0,N,N,NA
F,25-34,3,Democrat,0,0,N,N,NA
M,35-44,2,Democrat,0,0,N,N,NA
M,45-54,1,Democrat,0,0,N,Y,Email
M,45-54,2,Democrat,0,0,N,N,NA
M,55-64,2,Democrat,0,0,N,N,NA
M,25-34,1,Independent,0,0,Y,N,NA
F,25-34,2,Independent,0,0,N,Y,Twitter
M,18-24,1,Democrat,0,0,N,N,NA
M,55-64,2,Democrat,0,0,N,N,NA
F,55-64,2,Democrat,0,0,N,N,NA
F,18-24,2,Democrat,0,0,N,N,NA
F,65+,2,Democrat,0,0,N,N,NA
F,55-64,1,Democrat,0,0,N,N,NA
M,65+,2,Other,0,0,N,N,NA
M,25-34,2,Independent,0,0,N,N,NA
F,35-44,1,Other,0,0,N,N,NA
F,65+,1,Independent,0,0,N,N,NA
F,55-64,3,Other,0,0,N,N,NA
M,18-24,2,Democrat,0,0,N,N,NA
M,18-24,2,Democrat,0,0,N,N,NA
F,55-64,2,Democrat,0,0,N,N,NA
M,65+,2,Democrat,0,0,N,N,NA
M,18-24,1,Independent,1,17,N,N,NA
M,35-44,3,Other,0,0,N,N,NA
M,65+,3,Democrat,0,0,N,N,NA
F,55-64,1,Democrat,0,0,N,N,NA
F,25-34,1,Independent,0,0,N,N,NA
M,65+,3,Democrat,0,0,N,N,NA
F,55-64,1,Democrat,0,0,N,N,NA
M,35-44,3,Other,0,0,N,N,NA
M,55-64,2,Democrat,0,0,N,N,NA
F,18-24,2,Other,0,0,N,N,NA
M,18-24,3,Democrat,0,0,N,N,NA
F,45-54,1,Independent,0,0,N,N,NA
M,18-24,1,Democrat,0,0,N,N,NA
F,35-44,2,Democrat,0,0,N,N,NA
F,18-24,1,Democrat,0,0,N,N,NA
F,35-44,2,Democrat,0,0,N,N,NA
F,18-24,1,Democrat,0,0,N,N,NA
M,25-34,1,Independent,1,32,N,N,NA
M,65+,3,Democrat,0,0,N,N,NA
M,45-54,2,Democrat,0,0,N,N,NA
M,65+,1,Independent,0,0,N,N,NA
F,35-44,2,Democrat,0,0,N,N,NA
M,18-24,1,Independent,0,0,N,N,NA
M,65+,2,Democrat,0,0,N,N,NA
M,55-64,2,Democrat,0,0,N,N,NA
M,18-24,2,Democrat,0,0,N,N,NA
F,25-34,2,Democrat,0,0,N,N,NA
F,18-24,1,Democrat,0,0,N,N,NA
F,18-24,2,Other,0,0,N,N,NA
F,45-54,1,Democrat,0,0,N,N,NA
F,35-44,2,Democrat,0,0,N,N,NA
M,65+,3,Democrat,0,0,N,N,NA
F,45-54,1,Democrat,0,0,N,N,NA
M,45-54,2,Democrat,1,19,N,N,NA
F,65+,3,Independent,0,0,N,N,NA
M,35-44,3,Independent,0,0,N,N,NA
M,18-24,3,Democrat,0,0,N,N,NA
F,25-34,1,Democrat,0,0,N,N,NA
M,18-24,2,Democrat,0,0,N,N,NA
M,18-24,1,Democrat,0,0,N,N,NA
M,55-64,1,Democrat,0,0,N,N,NA
M,55-64,3,Democrat,0,0,N,N,NA
M,25-34,3,Democrat,0,0,N,Y,Email
M,35-44,1,Democrat,0,0,N,N,NA
F,65+,3,Democrat,0,0,N,N,NA
F,18-24,3,Independent,0,0,N,N,NA
M,65+,3,Independent,0,0,N,N,NA
M,65+,1,Other,0,0,Y,N,NA
M,55-64,2,Independent,0,0,N,N,NA
F,45-54,3,Democrat,0,0,N,N,NA
M,18-24,1,Democrat,0,0,N,N,NA
F,45-54,2,Democrat,0,0,N,N,NA
M,25-34,2,Democrat,0,0,N,N,NA
F,65+,1,Independent,0,0,N,N,NA
M,25-34,2,Democrat,0,0,N,N,NA
M,65+,1,Democrat,0,0,N,N,NA
F,65+,1,Democrat,0,0,N,N,NA
F,25-34,2,Democrat,0,0,N,N,NA
M,25-34,3,Democrat,0,0,N,N,NA
M,25-34,2,Democrat,0,0,N,N,NA
F,25-34,2,Independent,0,0,N,N,NA
F,25-34,2,Democrat,0,0,N,Y,Email
F,18-24,2,Democrat,0,0,N,N,NA
M,55-64,3,Other,0,0,N,N,NA
M,25-34,1,Independent,1,22,N,N,NA
M,45-54,3,Democrat,0,0,N,N,NA
F,45-54,1,Democrat,0,0,N,N,NA
F,25-34,1,Democrat,0,0,N,N,NA
F,18-24,1,Democrat,0,0,N,N,NA
M,25-34,3,Democrat,0,0,Y,N,NA
M,25-34,2,Democrat,1,19,N,N,NA
F,65+,2,Democrat,0,0,N,N,NA
M,18-24,1,Independent,0,0,N,N,NA
F,65+,1,Other,0,0,N,N,NA
F,18-24,1,Democrat,0,0,N,N,NA
M,25-34,3,Democrat,0,0,N,N,NA
M,45-54,2,Democrat,0,0,N,N,NA
F,25-34,2,Independent,0,0,N,N,NA
F,18-24,2,Other,0,0,N,N,NA
M,65+,3,Democrat,0,0,N,N,NA
F,18-24,2,Independent,0,0,N,N,NA
M,25-34,3,Democrat,0,0,N,N,NA
M,18-24,1,Independent,0,0,N,N,NA
M,45-54,2,Other,0,0,N,N,NA
M,65+,2,Independent,0,0,N,N,NA
F,65+,2,Democrat,0,0,Y,N,NA
M,65+,1,Democrat,0,0,N,N,NA
M,18-24,1,Independent,0,0,N,N,NA
F,25-34,3,Independent,0,0,N,N,NA
M,25-34,1,Democrat,1,24,N,N,NA
M,45-54,3,Democrat,0,0,N,N,NA
M,18-24,3,Independent,0,0,N,N,NA
M,65+,1,Democrat,0,0,N,N,NA
F,65+,2,Independent,0,0,N,N,NA
F,65+,1,Independent,0,0,N,N,NA
M,55-64,3,Democrat,0,0,N,N,NA
M,65+,3,Democrat,0,0,N,N,NA
F,65+,3,Democrat,0,0,N,N,NA
F,25-34,1,Democrat,0,0,Y,N,NA
M,25-34,2,Democrat,0,0,N,Y,Email
M,35-44,2,Independent,0,0,N,N,NA
F,18-24,1,Democrat,1,18,N,N,NA
F,65+,2,Democrat,0,0,N,N,NA
F,35-44,2,Democrat,0,0,N,N,NA
M,25-34,2,Democrat,0,0,N,N,NA
F,45-54,1,Independent,0,0,N,N,NA
F,65+,3,Democrat,0,0,N,N,NA
M,55-64,2,Democrat,0,0,N,N,NA
F,45-54,2,Democrat,0,0,N,N,NA
M,35-44,2,Democrat,0,0,N,N,NA
M,25-34,1,Democrat,0,0,N,N,NA
F,65+,1,Democrat,0,0,N,N,NA
M,65+,1,Democrat,0,0,N,N,NA
M,45-54,1,Independent,0,0,N,N,NA
M,65+,2,Democrat,0,0,N,N,NA
F,35-44,1,Other,0,0,N,N,NA
M,25-34,3,Independent,0,0,N,N,NA
M,65+,3,Democrat,0,0,N,N,NA
F,65+,1,Independent,0,0,N,N,NA
F,35-44,1,Democrat,0,0,N,N,NA
M,65+,1,Democrat,0,0,N,N,NA
F,65+,1,Independent,0,0,N,N,NA
F,35-44,3,Democrat,0,0,N,N,NA
F,18-24,2,Other,0,0,N,N,NA
F,65+,1,Other,0,0,N,N,NA
F,18-24,1,Democrat,0,0,N,N,NA
F,18-24,1,Democrat,0,0,N,N,NA
M,65+,3,Independent,0,0,N,N,NA
F,18-24,3,Democrat,0,0,N,N,NA
M,18-24,1,Democrat,0,0,N,N,NA
M,65+,1,Democrat,0,0,N,N,NA
F,35-44,2,Other,0,0,N,N,NA
M,25-34,3,Democrat,0,0,N,N,NA
M,35-44,2,Independent,0,0,N,Y,Email
F,25-34,1,Other,0,0,N,N,NA
F,18-24,3,Independent,0,0,N,N,NA
M,18-24,3,Democrat,0,0,N,Y,Email
M,25-34,2,Democrat,0,0,N,N,NA
M,65+,3,Independent,0,0,N,N,NA
F,18-24,1,Democrat,0,0,N,Y,Email
F,65+,2,Democrat,0,0,N,N,NA
M,35-44,1,Independent,1,26,N,N,NA
F,45-54,2,Democrat,0,0,N,N,NA
F,65+,3,Democrat,0,0,N,N,NA
M,55-64,2,Democrat,0,0,N,N,NA
F,18-24,1,Democrat,0,0,N,N,NA
F,65+,1,Democrat,0,0,N,N,NA
F,55-64,3,Democrat,0,0,N,N,NA
F,65+,2,Democrat,0,0,N,Y,Email
M,65+,2,Democrat,0,0,N,N,NA
M,65+,3,Other,0,0,N,Y,Email
F,45-54,3,Democrat,0,0,N,N,NA
F,18-24,2,Other,0,0,N,N,NA
F,35-44,3,Other,0,0,N,N,NA
M,25-34,1,Democrat,0,0,N,N,NA
F,45-54,3,Democrat,0,0,N,Y,Twitter
F,18-24,3,Democrat,1,39,N,N,NA
M,25-34,1,Democrat,0,0,N,N,NA
F,65+,3,Democrat,0,0,N,N,NA
F,65+,2,Democrat,0,0,N,N,NA
F,25-34,3,Democrat,0,0,N,N,NA
M,65+,3,Democrat,0,0,N,N,NA
M,18-24,1,Other,0,0,N,N,NA
F,18-24,2,Democrat,0,0,N,N,NA
F,25-34,2,Democrat,0,0,N,N,NA
F,65+,2,Other,0,0,N,N,NA
M,18-24,3,Other,0,0,N,Y,Email
M,18-24,3,Independent,0,0,N,Y,Twitter
M,65+,3,Independent,0,0,N,N,NA
F,65+,3,Democrat,0,0,N,N,NA
M,35-44,2,Democrat,0,0,N,N,NA
M,18-24,2,Democrat,0,0,N,N,NA
F,35-44,3,Democrat,0,0,N,N,NA
M,25-34,3,Democrat,0,0,N,N,NA
F,35-44,2,Democrat,0,0,N,N,NA
M,55-64,1,Democrat,0,0,N,N,NA
M,18-24,2,Independent,0,0,N,N,NA
F,18-24,2,Democrat,0,0,N,Y,Email
F,65+,2,Independent,0,0,N,N,NA
F,25-34,1,Independent,0,0,N,N,NA
M,35-44,2,Democrat,0,0,N,N,NA
M,18-24,1,Democrat,0,0,N,N,NA
F,45-54,2,Democrat,0,0,N,N,NA
M,25-34,3,Democrat,0,0,N,N,NA
M,35-44,3,Democrat,0,0,N,N,NA
M,18-24,1,Democrat,0,0,N,N,NA
M,65+,2,Democrat,0,0,N,N,NA
F,35-44,2,Democrat,0,0,N,N,NA
F,18-24,1,Democrat,0,0,N,N,NA
M,18-24,3,Democrat,0,0,N,N,NA
F,25-34,2,Democrat,0,0,N,N,NA
M,25-34,3,Democrat,0,0,N,N,NA
M,65+,2,Democrat,0,0,N,N,NA
M,25-34,3,Democrat,0,0,N,N,NA
F,25-34,2,Independent,0,0,N,N,NA
M,55-64,3,Democrat,0,0,N,N,NA
F,65+,1,Democrat,0,0,N,N,NA
F,18-24,2,Independent,0,0,N,N,NA
F,18-24,3,Democrat,0,0,N,N,NA
M,35-44,2,Independent,0,0,N,Y,Email
F,18-24,3,Independent,0,0,N,N,NA
F,18-24,2,Independent,0,0,N,N,NA
F,65+,2,Democrat,0,0,N,N,NA
M,65+,2,Democrat,0,0,N,N,NA
F,18-24,3,Democrat,0,0,N,N,NA
M,25-34,2,Democrat,0,0,N,N,NA
F,65+,1,Democrat,0,0,N,N,NA
F,65+,3,Democrat,0,0,N,N,NA
F,18-24,1,Democrat,0,0,N,N,NA
F,65+,3,Democrat,1,36,N,N,NA
M,55-64,1,Democrat,0,0,N,N,NA
F,18-24,3,Independent,0,0,N,N,NA
F,18-24,2,Other,0,0,N,N,NA
F,65+,1,Democrat,0,0,N,N,NA
F,65+,3,Independent,0,0,N,N,NA
M,65+,2,Democrat,0,0,N,N,NA
M,18-24,3,Democrat,0,0,N,N,NA
M,65+,1,Independent,0,0,N,N,NA
F,45-54,1,Democrat,0,0,N,N,NA
M,65+,3,Democrat,0,0,N,N,NA
M,25-34,2,Other,0,0,N,N,NA
F,65+,3,Democrat,0,0,Y,N,NA
F,65+,1,Democrat,0,0,N,N,NA
M,18-24,1,Democrat,0,0,N,Y,Email
M,55-64,1,Independent,0,0,N,N,NA
F,45-54,3,Democrat,0,0,N,N,NA
M,18-24,1,Democrat,0,0,N,N,NA
F,18-24,3,Democrat,0,0,N,N,NA
M,55-64,1,Democrat,0,0,N,N,NA
M,18-24,1,Democrat,0,0,N,N,NA
F,35-44,3,Independent,0,0,N,N,NA
F,18-24,3,Democrat,0,0,N,N,NA
F,18-24,1,Independent,0,0,N,N,NA
F,18-24,2,Other,0,0,N,N,NA
M,65+,1,Democrat,0,0,N,N,NA
F,25-34,1,Democrat,0,0,N,N,NA
F,55-64,2,Other,0,0,N,N,NA
F,65+,1,Democrat,0,0,N,N,NA
F,18-24,2,Democrat,0,0,N,N,NA
F,18-24,3,Independent,0,0,N,N,NA
M,55-64,2,Democrat,0,0,N,N,NA
F,45-54,1,Democrat,0,0,N,N,NA
F,25-34,2,Democrat,0,0,N,N,NA
F,18-24,1,Democrat,0,0,N,N,NA
M,65+,2,Democrat,0,0,N,N,NA
F,65+,1,Independent,0,0,N,N,NA
F,65+,3,Independent,0,0,N,N,NA
M,25-34,2,Democrat,0,0,N,N,NA
M,65+,3,Independent,0,0,N,N,NA
M,18-24,3,Independent,0,0,N,N,NA
M,25-34,2,Democrat,0,0,N,N,NA
F,65+,1,Democrat,0,0,N,N,NA
M,65+,3,Democrat,0,0,N,N,NA
F,55-64,3,Democrat,0,0,N,N,NA
M,35-44,1,Democrat,0,0,N,N,NA
M,25-34,3,Independent,1,25,N,N,NA
M,18-24,2,Democrat,0,0,N,N,NA
F,55-64,3,Independent,0,0,N,N,NA
F,65+,3,Democrat,0,0,N,N,NA
M,18-24,1,Democrat,0,0,N,N,NA
M,18-24,3,Democrat,0,0,N,N,NA
F,65+,2,Democrat,0,0,N,N,NA
F,65+,3,Democrat,0,0,N,Y,Email
F,65+,1,Democrat,0,0,N,N,NA
M,45-54,3,Democrat,0,0,N,N,NA
M,55-64,3,Democrat,0,0,N,N,NA
F,65+,1,Democrat,0,0,N,N,NA
F,55-64,1,Independent,0,0,N,N,NA
M,25-34,2,Democrat,0,0,N,N,NA
F,65+,1,Democrat,0,0,N,N,NA
M,25-34,3,Democrat,0,0,N,Y,Email
M,55-64,3,Independent,0,0,N,N,NA
M,55-64,2,Other,0,0,N,N,NA
F,45-54,2,Democrat,0,0,N,N,NA
F,65+,3,Democrat,1,32,N,N,NA
M,65+,1,Independent,1,22,N,N,NA
F,18-24,1,Democrat,0,0,N,N,NA
F,25-34,1,Democrat,0,0,N,N,NA
M,35-44,3,Democrat,0,0,N,N,NA
F,18-24,3,Independent,0,0,N,N,NA
F,25-34,1,Democrat,0,0,N,N,NA
M,18-24,2,Democrat,1,27,N,N,NA
M,65+,1,Democrat,0,0,N,N,NA
M,25-34,2,Democrat,0,0,N,N,NA
M,65+,3,Independent,0,0,N,N,NA
M,65+,2,Democrat,0,0,N,N,NA
F,45-54,2,Democrat,0,0,N,N,NA
M,65+,2,Democrat,0,0,N,N,NA
F,35-44,2,Democrat,0,0,N,N,NA
F,65+,1,Independent,0,0,N,N,NA
F,25-34,3,Independent,0,0,N,N,NA
M,65+,2,Other,0,0,N,N,NA
F,18-24,2,Democrat,0,0,N,N,NA
M,65+,1,Democrat,1,27,N,N,NA
M,18-24,2,Democrat,0,0,N,N,NA
M,45-54,1,Democrat,0,0,N,N,NA
F,18-24,3,Other,0,0,N,N,NA
F,55-64,3,Democrat,0,0,N,N,NA
F,35-44,3,Democrat,0,0,N,N,NA
M,18-24,2,Other,0,0,N,N,NA
M,18-24,3,Democrat,0,0,N,N,NA
F,45-54,2,Democrat,0,0,N,N,NA
M,35-44,2,Democrat,0,0,N,N,NA
F,35-44,3,Democrat,1,42,N,N,NA
F,65+,2,Democrat,0,0,N,N,NA
M,65+,3,Independent,0,0,N,N,NA
M,18-24,3,Democrat,0,0,N,N,NA
F,65+,2,Independent,0,0,N,N,NA
M,35-44,2,Democrat,0,0,N,Y,Twitter
M,65+,3,Independent,0,0,N,N,NA
M,65+,3,Other,0,0,N,N,NA
F,25-34,3,Democrat,0,0,N,Y,Twitter
F,55-64,2,Democrat,1,23,N,N,NA
M,25-34,1,Other,0,0,N,N,NA
M,18-24,2,Democrat,0,0,N,N,NA
M,65+,3,Democrat,0,0,N,Y,Email
F,65+,2,Democrat,0,0,N,N,NA
F,65+,1,Democrat,0,0,N,Y,Twitter
F,35-44,1,Other,0,0,N,N,NA
M,45-54,1,Democrat,0,0,N,N,NA
M,35-44,3,Other,0,0,N,N,NA
F,45-54,1,Democrat,0,0,N,N,NA
F,18-24,2,Democrat,0,0,N,N,NA
M,65+,2,Other,0,0,N,N,NA
F,65+,3,Other,0,0,N,N,NA
F,65+,3,Democrat,0,0,N,Y,Email
M,45-54,3,Democrat,0,0,N,N,NA
M,18-24,2,Independent,0,0,N,N,NA
F,65+,3,Democrat,0,0,N,N,NA
M,65+,2,Democrat,0,0,N,N,NA
F,35-44,3,Independent,0,0,N,N,NA
M,65+,2,Democrat,0,0,N,N,NA
F,65+,2,Other,0,0,N,N,NA
F,65+,3,Independent,0,0,N,N,NA
F,65+,3,Democrat,0,0,N,N,NA
F,55-64,1,Democrat,0,0,N,N,NA
M,35-44,1,Democrat,0,0,N,N,NA
M,65+,3,Independent,0,0,N,N,NA
M,55-64,3,Independent,0,0,N,N,NA
F,45-54,3,Other,0,0,N,N,NA
M,65+,2,Other,0,0,N,N,NA
M,55-64,3,Independent,0,0,N,N,NA
M,35-44,1,Democrat,0,0,N,N,NA
M,18-24,2,Democrat,0,0,N,N,NA
M,25-34,1,Other,0,0,N,N,NA
F,25-34,2,Other,0,0,N,N,NA
M,25-34,1,Democrat,0,0,N,N,NA
M,45-54,2,Democrat,0,0,N,N,NA
F,25-34,2,Democrat,0,0,N,N,NA
F,18-24,3,Independent,0,0,N,N,NA
F,25-34,2,Democrat,0,0,N,N,NA
F,18-24,2,Independent,0,0,N,N,NA
F,25-34,1,Independent,0,0,N,N,NA
M,35-44,2,Independent,0,0,Y,N,NA
F,18-24,3,Democrat,0,0,N,N,NA
F,65+,3,Other,0,0,N,N,NA
F,35-44,2,Democrat,1,26,N,N,NA
F,65+,3,Democrat,0,0,N,N,NA
F,18-24,3,Democrat,0,0,N,N,NA
F,65+,3,Independent,0,0,N,N,NA
M,35-44,2,Democrat,0,0,N,N,NA
F,25-34,2,Independent,0,0,N,N,NA
F,18-24,2,Independent,0,0,N,N,NA
F,25-34,3,Democrat,0,0,N,N,NA
F,18-24,3,Democrat,0,0,N,N,NA
M,65+,2,Democrat,0,0,N,N,NA
M,35-44,2,Other,0,0,N,N,NA
F,65+,1,Independent,0,0,N,N,NA
F,45-54,1,Independent,0,0,N,N,NA
F,55-64,2,Democrat,0,0,N,N,NA
F,65+,3,Democrat,0,0,N,N,NA
F,18-24,1,Other,0,0,N,N,NA
M,45-54,1,Independent,0,0,N,N,NA
F,35-44,3,Democrat,0,0,N,N,NA
M,35-44,3,Democrat,0,0,N,N,NA
M,45-54,3,Democrat,0,0,N,N,NA
M,35-44,1,Independent,0,0,N,N,NA
M,65+,1,Independent,0,0,N,N,NA
M,65+,2,Democrat,0,0,N,N,NA
M,65+,3,Democrat,0,0,N,N,NA
M,18-24,3,Democrat,0,0,N,N,NA
F,65+,2,Independent,0,0,N,N,NA
M,65+,1,Democrat,0,0,N,Y,Email
F,35-44,3,Other,0,0,Y,N,NA
F,25-34,2,Democrat,0,0,N,N,NA
F,65+,3,Democrat,0,0,N,N,NA
F,55-64,3,Independent,0,0,N,Y,Twitter
F,65+,2,Democrat,0,0,N,N,NA
M,18-24,2,Democrat,0,0,N,N,NA
F,35-44,3,Independent,0,0,N,N,NA
F,45-54,2,Other,0,0,N,N,NA
F,55-64,1,Democrat,0,0,N,N,NA
F,65+,2,Other,0,0,N,N,NA
M,18-24,1,Democrat,0,0,N,N,NA
M,65+,3,Democrat,0,0,N,N,NA
F,25-34,2,Other,0,0,N,N,NA
F,18-24,1,Other,0,0,N,N,NA
M,18-24,1,Independent,0,0,N,N,NA
M,55-64,1,Democrat,0,0,N,N,NA
F,18-24,1,Democrat,0,0,N,N,NA
F,35-44,1,Democrat,0,0,N,N,NA
M,45-54,2,Independent,1,18,N,N,NA
F,65+,3,Democrat,0,0,N,N,NA
F,65+,3,Democrat,0,0,N,N,NA
F,18-24,1,Democrat,0,0,N,N,NA
M,65+,1,Democrat,0,0,N,N,NA
F,65+,1,Democrat,0,0,N,N,NA
M,65+,1,Independent,0,0,N,N,NA
F,25-34,2,Independent,0,0,N,N,NA
F,65+,1,Other,0,0,N,N,NA
M,18-24,1,Other,0,0,N,N,NA
M,18-24,2,Democrat,0,0,N,N,NA
M,25-34,3,Democrat,0,0,N,N,NA
F,18-24,2,Independent,0,0,N,N,NA
M,65+,1,Democrat,0,0,N,N,NA
F,25-34,3,Independent,0,0,N,N,NA
F,18-24,2,Democrat,0,0,N,N,NA
F,55-64,1,Democrat,0,0,N,N,NA
M,45-54,3,Other,0,0,N,N,NA
F,65+,3,Other,0,0,N,N,NA
F,65+,3,Other,0,0,N,N,NA
M,25-34,2,Independent,0,0,N,N,NA
M,65+,2,Democrat,0,0,N,N,NA
F,25-34,2,Democrat,0,0,N,N,NA
M,65+,2,Other,0,0,N,N,NA
F,18-24,1,Independent,0,0,N,N,NA
M,18-24,1,Democrat,1,18,N,N,NA
M,65+,3,Democrat,0,0,N,N,NA
M,55-64,2,Democrat,0,0,N,N,NA
F,65+,3,Democrat,0,0,N,N,NA
M,18-24,3,Democrat,0,0,N,N,NA
F,25-34,3,Democrat,0,0,N,N,NA
F,18-24,1,Independent,1,18,N,N,NA
M,18-24,2,Democrat,0,0,N,N,NA
F,18-24,3,Democrat,0,0,N,N,NA
M,65+,1,Democrat,0,0,N,Y,Email
M,18-24,3,Democrat,0,0,N,N,NA
F,35-44,2,Democrat,0,0,N,N,NA
F,18-24,1,Democrat,0,0,N,N,NA
F,65+,2,Democrat,0,0,N,N,NA
M,18-24,3,Democrat,0,0,N,N,NA
F,25-34,2,Other,0,0,N,N,NA
F,25-34,1,Independent,0,0,N,N,NA
F,25-34,3,Democrat,0,0,N,N,NA
M,18-24,3,Democrat,0,0,N,N,NA
M,35-44,3,Independent,0,0,N,N,NA
F,45-54,2,Democrat,0,0,N,N,NA
M,35-44,3,Democrat,0,0,N,N,NA
M,45-54,1,Democrat,0,0,N,N,NA
F,25-34,1,Democrat,1,22,N,N,NA
F,25-34,3,Democrat,0,0,N,N,NA
M,65+,2,Democrat,0,0,N,N,NA
F,65+,3,Independent,0,0,N,N,NA
F,25-34,3,Democrat,0,0,N,N,NA
M,25-34,1,Other,1,21,N,N,NA
M,25-34,1,Democrat,1,11,N,N,NA
M,18-24,1,Democrat,0,0,N,N,NA
M,65+,2,Democrat,0,0,N,N,NA
M,45-54,3,Independent,0,0,N,N,NA
F,65+,2,Independent,0,0,N,N,NA
M,55-64,1,Democrat,0,0,N,N,NA
M,25-34,3,Democrat,0,0,N,N,NA
M,45-54,1,Independent,0,0,N,N,NA
F,18-24,2,Other,0,0,N,N,NA
M,25-34,3,Independent,0,0,N,N,NA
M,65+,2,Democrat,0,0,N,N,NA
M,65+,2,Other,0,0,Y,N,NA
F,25-34,2,Democrat,0,0,N,N,NA
M,35-44,2,Independent,0,0,N,N,NA
F,18-24,1,Democrat,0,0,N,N,NA
M,55-64,3,Democrat,0,0,N,N,NA
F,18-24,1,Independent,0,0,N,N,NA
F,18-24,1,Independent,0,0,N,N,NA
F,18-24,3,Democrat,0,0,N,N,NA
F,18-24,1,Democrat,0,0,N,N,NA
F,55-64,3,Other,0,0,N,N,NA
F,65+,2,Other,0,0,N,N,NA
F,65+,2,Democrat,0,0,N,N,NA
F,35-44,1,Other,0,0,N,N,NA
F,65+,2,Other,0,0,N,N,NA
F,35-44,1,Democrat,0,0,N,N,NA
M,25-34,1,Independent,0,0,N,N,NA
M,65+,1,Democrat,0,0,N,N,NA
F,18-24,3,Democrat,0,0,N,Y,Email
F,65+,3,Independent,1,16,N,N,NA
M,45-54,3,Independent,0,0,N,N,NA
F,65+,1,Democrat,0,0,N,N,NA
F,25-34,3,Democrat,0,0,N,N,NA
F,35-44,1,Democrat,0,0,N,Y,Twitter
M,18-24,2,Democrat,0,0,N,N,NA
M,65+,1,Independent,0,0,N,N,NA
M,18-24,1,Democrat,0,0,N,N,NA
F,25-34,2,Democrat,0,0,N,N,NA
M,35-44,3,Independent,0,0,N,N,NA
F,65+,1,Democrat,0,0,N,N,NA
F,55-64,1,Democrat,0,0,N,N,NA
F,65+,3,Independent,0,0,N,N,NA
M,35-44,3,Democrat,0,0,N,N,NA
F,18-24,1,Democrat,0,0,N,N,NA
M,25-34,1,Independent,0,0,N,N,NA
M,25-34,3,Democrat,0,0,N,N,NA
M,45-54,2,Other,0,0,N,N,NA
M,25-34,2,Democrat,0,0,N,N,NA
M,25-34,2,Democrat,0,0,N,N,NA
F,65+,1,Other,0,0,N,N,NA
F,65+,3,Democrat,0,0,N,N,NA
F,35-44,2,Independent,0,0,N,N,NA
F,18-24,1,Democrat,1,21,N,N,NA
F,18-24,2,Independent,0,0,N,N,NA
M,25-34,3,Other,0,0,N,N,NA
F,18-24,2,Independent,1,28,N,N,NA
M,65+,2,Democrat,0,0,N,N,NA
M,25-34,3,Democrat,0,0,N,N,NA
M,18-24,1,Democrat,0,0,N,N,NA
F,25-34,2,Independent,0,0,N,N,NA
F,35-44,1,Democrat,0,0,N,N,NA
M,65+,2,Other,0,0,N,N,NA
M,55-64,3,Democrat,0,0,N,N,NA
M,18-24,1,Democrat,0,0,N,N,NA
M,25-34,3,Democrat,0,0,N,N,NA
F,55-64,2,Democrat,0,0,N,N,NA
F,18-24,1,Democrat,0,0,N,Y,Twitter
M,65+,2,Democrat,0,0,N,N,NA
M,55-64,2,Democrat,0,0,N,N,NA
F,65+,3,Independent,0,0,N,N,NA
M,25-34,2,Democrat,0,0,N,N,NA
F,55-64,1,Democrat,0,0,N,N,NA
M,65+,1,Democrat,0,0,N,N,NA
F,45-54,1,Independent,0,0,N,N,NA
M,55-64,1,Independent,0,0,N,N,NA
M,35-44,1,Independent,0,0,N,N,NA
M,35-44,3,Democrat,0,0,N,N,NA
M,25-34,3,Democrat,0,0,N,N,NA
M,18-24,2,Democrat,1,24,N,N,NA
F,25-34,3,Democrat,0,0,N,N,NA
F,18-24,1,Democrat,0,0,N,N,NA
F,25-34,3,Democrat,0,0,N,N,NA
M,18-24,3,Democrat,0,0,N,N,NA
M,65+,3,Other,1,28,N,N,NA
M,65+,3,Democrat,0,0,N,N,NA
F,18-24,2,Democrat,0,0,N,Y,Email
M,65+,3,Independent,0,0,N,N,NA
F,65+,2,Independent,0,0,N,N,NA
F,25-34,1,Democrat,0,0,N,N,NA
F,65+,1,Democrat,0,0,N,N,NA
F,65+,3,Democrat,0,0,N,N,NA
F,65+,2,Democrat,0,0,N,N,NA
M,35-44,2,Other,1,20,N,N,NA
F,35-44,1,Democrat,0,0,N,N,NA
F,18-24,2,Democrat,0,0,N,N,NA
M,65+,3,Democrat,0,0,N,N,NA
M,25-34,2,Democrat,0,0,N,N,NA
F,55-64,2,Democrat,0,0,N,N,NA
F,65+,3,Democrat,0,0,N,N,NA
F,35-44,2,Democrat,0,0,N,N,NA
M,35-44,2,Other,0,0,N,N,NA
M,18-24,2,Democrat,1,26,N,N,NA
M,65+,2,Democrat,0,0,N,N,NA
F,35-44,1,Independent,1,14,N,N,NA
F,18-24,2,Democrat,0,0,N,N,NA
F,65+,3,Other,0,0,N,N,NA
F,35-44,1,Other,1,30,N,N,NA
F,25-34,3,Democrat,0,0,N,N,NA
F,25-34,3,Democrat,0,0,N,Y,Twitter
M,55-64,1,Democrat,0,0,N,N,NA
F,18-24,1,Democrat,0,0,N,N,NA
M,65+,3,Democrat,0,0,N,N,NA
M,65+,2,Democrat,0,0,N,N,NA
F,65+,1,Democrat,0,0,N,N,NA
M,65+,3,Democrat,0,0,N,N,NA
F,18-24,2,Democrat,0,0,N,N,NA
M,35-44,1,Independent,0,0,N,N,NA
M,35-44,2,Democrat,0,0,N,N,NA
F,65+,3,Democrat,0,0,N,N,NA
F,35-44,2,Democrat,0,0,N,N,NA
M,25-34,1,Independent,0,0,N,N,NA
F,55-64,1,Democrat,0,0,N,N,NA
M,55-64,3,Independent,0,0,N,N,NA
M,18-24,3,Democrat,0,0,N,N,NA
F,45-54,2,Democrat,0,0,N,N,NA
F,45-54,1,Democrat,0,0,N,N,NA
F,25-34,3,Democrat,0,0,N,N,NA
M,25-34,2,Democrat,0,0,N,N,NA
M,18-24,1,Democrat,0,0,N,N,NA
F,65+,2,Democrat,0,0,N,N,NA
M,35-44,3,Independent,0,0,N,N,NA
M,65+,1,Democrat,0,0,N,N,NA
F,65+,1,Democrat,0,0,N,Y,Twitter
M,25-34,3,Other,0,0,N,N,NA
M,18-24,3,Democrat,1,29,N,N,NA
F,65+,3,Democrat,0,0,N,N,NA
M,18-24,1,Democrat,0,0,N,N,NA
F,25-34,2,Independent,0,0,N,N,NA
F,65+,3,Democrat,0,0,N,N,NA
M,45-54,2,Democrat,0,0,N,N,NA
F,35-44,1,Democrat,0,0,N,N,NA
M,65+,1,Democrat,0,0,N,N,NA
F,25-34,2,Democrat,0,0,N,N,NA
F,45-54,1,Democrat,0,0,N,N,NA
M,25-34,2,Democrat,1,28,N,N,NA
F,25-34,1,Democrat,0,0,Y,N,NA
F,35-44,1,Democrat,0,0,N,N,NA
M,35-44,3,Other,0,0,N,N,NA
F,18-24,1,Democrat,0,0,N,N,NA
F,18-24,3,Democrat,0,0,N,N,NA
M,65+,1,Democrat,0,0,N,N,NA
F,18-24,1,Democrat,0,0,N,N,NA
F,65+,2,Other,0,0,N,N,NA
M,25-34,2,Democrat,0,0,N,N,NA
F,35-44,1,Other,0,0,N,N,NA
F,18-24,2,Democrat,0,0,N,N,NA
M,18-24,3,Other,0,0,N,N,NA
F,25-34,3,Other,0,0,N,N,NA
F,65+,1,Democrat,0,0,N,N,NA
M,25-34,2,Democrat,0,0,N,N,NA
F,35-44,1,Democrat,0,0,N,N,NA
F,35-44,1,Democrat,0,0,N,N,NA
M,65+,1,Independent,0,0,N,N,NA
M,25-34,1,Democrat,0,0,N,N,NA
F,18-24,1,Democrat,0,0,N,N,NA
F,18-24,2,Democrat,1,24,N,N,NA
F,25-34,3,Independent,0,0,N,N,NA
M,65+,2,Democrat,0,0,N,N,NA
F,18-24,3,Independent,0,0,N,N,NA
F,18-24,2,Democrat,0,0,N,N,NA
F,18-24,1,Independent,0,0,N,N,NA
F,25-34,2,Democrat,0,0,N,N,NA
F,45-54,1,Democrat,0,0,N,N,NA
M,25-34,2,Democrat,0,0,N,N,NA
F,55-64,1,Democrat,0,0,N,N,NA
F,55-64,3,Democrat,0,0,N,N,NA
M,65+,1,Democrat,0,0,N,N,NA
M,65+,2,Democrat,0,0,N,N,NA
M,65+,3,Democrat,0,0,N,Y,Email
M,65+,2,Democrat,0,0,N,N,NA
M,35-44,1,Independent,0,0,N,Y,Twitter
F,25-34,3,Democrat,0,0,N,N,NA
M,55-64,1,Democrat,0,0,N,N,NA
F,65+,2,Other,0,0,N,N,NA
F,18-24,1,Democrat,1,18,N,N,NA
F,65+,1,Democrat,0,0,N,N,NA
M,18-24,3,Democrat,0,0,N,N,NA
M,65+,1,Independent,0,0,N,N,NA
M,25-34,3,Democrat,0,0,N,N,NA
F,65+,3,Independent,0,0,N,N,NA
F,35-44,3,Democrat,0,0,N,N,NA
M,35-44,2,Democrat,0,0,N,N,NA
F,35-44,1,Democrat,1,16,N,N,NA
F,65+,1,Independent,0,0,N,N,NA
M,25-34,3,Other,0,0,N,N,NA
M,35-44,1,Democrat,0,0,N,N,NA
M,25-34,1,Other,0,0,N,N,NA
M,25-34,1,Independent,0,0,N,N,NA
F,25-34,1,Other,0,0,N,N,NA
M,45-54,2,Democrat,0,0,N,N,NA
F,18-24,3,Democrat,0,0,N,N,NA
M,18-24,3,Democrat,0,0,N,N,NA
M,55-64,2,Democrat,0,0,N,N,NA
F,18-24,3,Democrat,0,0,N,N,NA
F,35-44,2,Democrat,0,0,N,N,NA
F,18-24,2,Democrat,0,0,N,Y,Email
F,65+,1,Democrat,0,0,N,N,NA
F,35-44,1,Democrat,0,0,N,N,NA
F,55-64,2,Independent,0,0,N,N,NA
F,65+,2,Democrat,0,0,N,Y,Email
F,65+,1,Democrat,0,0,N,N,NA
F,65+,3,Independent,0,0,N,N,NA
M,18-24,1,Democrat,0,0,N,N,NA
M,65+,2,Independent,0,0,N,N,NA
M,25-34,1,Democrat,0,0,N,N,NA
M,25-34,1,Other,0,0,N,N,NA
M,55-64,3,Democrat,0,0,N,N,NA
F,65+,1,Other,0,0,N,N,NA
F,18-24,2,Democrat,0,0,N,N,NA
M,18-24,2,Independent,0,0,N,N,NA
F,18-24,3,Democrat,0,0,N,Y,Email
M,25-34,2,Democrat,0,0,N,N,NA
F,25-34,1,Independent,0,0,N,N,NA
F,65+,2,Independent,0,0,N,N,NA
F,25-34,2,Democrat,0,0,N,N,NA
M,25-34,3,Democrat,0,0,N,N,NA
M,55-64,2,Democrat,0,0,N,N,NA
M,35-44,1,Democrat,0,0,N,N,NA
M,18-24,3,Democrat,0,0,N,N,NA
M,65+,3,Democrat,0,0,N,N,NA
F,65+,3,Democrat,1,49,N,N,NA
M,18-24,2,Democrat,0,0,N,N,NA
M,25-34,2,Democrat,0,0,N,N,NA
M,18-24,1,Democrat,0,0,N,N,NA
F,25-34,1,Democrat,0,0,N,N,NA
M,18-24,1,Independent,0,0,N,Y,Email
M,25-34,1,Independent,0,0,N,N,NA
M,55-64,1,Democrat,0,0,N,N,NA
M,65+,2,Democrat,0,0,N,N,NA
M,25-34,1,Democrat,0,0,N,N,NA
F,35-44,2,Other,0,0,N,N,NA
M,25-34,1,Democrat,0,0,N,N,NA
F,65+,3,Other,0,0,N,N,NA
M,18-24,1,Independent,0,0,N,N,NA
M,18-24,2,Independent,0,0,N,N,NA
M,65+,3,Independent,0,0,N,Y,Email
M,18-24,3,Democrat,0,0,N,N,NA
F,65+,3,Independent,0,0,N,N,NA
F,18-24,2,Democrat,0,0,N,N,NA
F,25-34,3,Independent,0,0,N,N,NA
F,55-64,2,Democrat,0,0,N,N,NA
F,65+,2,Independent,0,0,N,N,NA
M,65+,2,Democrat,0,0,N,N,NA
F,25-34,3,Other,0,0,N,N,NA
F,55-64,1,Democrat,0,0,N,N,NA
F,35-44,1,Democrat,0,0,N,N,NA
M,65+,2,Other,0,0,N,N,NA
M,65+,2,Democrat,0,0,N,N,NA
M,65+,2,Democrat,0,0,N,N,NA
M,65+,2,Other,0,0,N,N,NA
F,25-34,2,Independent,0,0,N,N,NA
F,65+,1,Democrat,0,0,N,Y,Twitter
F,65+,2,Other,0,0,N,N,NA
F,65+,3,Democrat,0,0,N,N,NA
F,25-34,2,Democrat,0,0,N,N,NA
F,65+,1,Other,0,0,N,Y,Email
M,55-64,3,Democrat,0,0,N,N,NA
M,35-44,3,Democrat,0,0,N,N,NA
F,65+,2,Democrat,1,19,N,N,NA
M,18-24,3,Democrat,0,0,N,N,NA
M,45-54,3,Democrat,0,0,N,N,NA
M,18-24,1,Democrat,0,0,N,N,NA
F,65+,3,Democrat,0,0,N,Y,Email
M,45-54,3,Democrat,0,0,N,N,NA
F,65+,3,Democrat,0,0,N,N,NA
M,35-44,3,Democrat,0,0,N,N,NA
F,65+,2,Democrat,0,0,N,N,NA
M,65+,3,Democrat,0,0,N,N,NA
F,55-64,2,Democrat,0,0,N,N,NA
F,18-24,2,Independent,1,21,N,N,NA
M,25-34,2,Democrat,0,0,N,N,NA
F,18-24,1,Democrat,0,0,N,N,NA
M,25-34,2,Democrat,0,0,N,N,NA
F,65+,3,Democrat,0,0,N,N,NA
M,55-64,3,Democrat,0,0,N,N,NA
M,65+,3,Democrat,0,0,N,N,NA
F,35-44,2,Independent,0,0,N,N,NA
F,65+,3,Democrat,0,0,N,N,NA
M,25-34,2,Democrat,0,0,N,N,NA
M,18-24,2,Democrat,0,0,N,N,NA
F,55-64,2,Democrat,0,0,N,N,NA
M,65+,1,Other,0,0,N,N,NA
F,65+,3,Democrat,0,0,N,N,NA
F,65+,1,Democrat,0,0,N,N,NA
F,55-64,2,Other,0,0,N,N,NA
F,18-24,2,Independent,0,0,N,N,NA
M,25-34,3,Democrat,0,0,Y,N,NA
F,65+,2,Other,0,0,N,N,NA
M,55-64,1,Democrat,0,0,N,N,NA
F,55-64,3,Democrat,0,0,N,N,NA
F,45-54,3,Independent,0,0,N,N,NA
F,65+,2,Independent,0,0,Y,N,NA
F,18-24,1,Democrat,0,0,N,N,NA
F,55-64,3,Other,0,0,N,Y,Twitter
F,55-64,3,Democrat,0,0,N,N,NA
F,65+,1,Independent,0,0,N,N,NA
F,18-24,2,Independent,0,0,N,N,NA
F,65+,3,Democrat,0,0,N,N,NA
M,55-64,1,Democrat,1,25,N,N,NA
M,25-34,2,Other,0,0,N,N,NA
M,65+,2,Independent,0,0,N,N,NA
F,35-44,3,Democrat,0,0,N,Y,Email
F,18-24,2,Democrat,1,22,N,N,NA
F,65+,2,Democrat,1,25,N,N,NA
M,65+,3,Independent,0,0,N,N,NA
M,18-24,3,Democrat,0,0,N,N,NA
M,35-44,3,Democrat,0,0,N,N,NA
F,55-64,2,Democrat,0,0,N,N,NA
F,35-44,2,Democrat,0,0,N,N,NA
F,65+,3,Independent,0,0,N,N,NA
F,65+,1,Independent,0,0,N,N,NA
F,45-54,1,Democrat,0,0,N,N,NA
F,25-34,2,Democrat,0,0,N,N,NA
M,35-44,1,Democrat,0,0,N,N,NA
M,18-24,1,Democrat,0,0,N,N,NA
M,18-24,3,Democrat,0,0,N,N,NA
M,18-24,3,Independent,0,0,N,N,NA
F,18-24,2,Democrat,1,20,N,N,NA
M,55-64,3,Democrat,0,0,N,N,NA
F,25-34,1,Independent,0,0,N,N,NA
M,65+,3,Democrat,0,0,N,N,NA
M,55-64,2,Democrat,0,0,N,N,NA
M,25-34,2,Democrat,0,0,N,N,NA
F,55-64,1,Independent,0,0,N,N,NA
F,55-64,2,Democrat,0,0,N,N,NA
M,25-34,2,Democrat,0,0,N,N,NA
F,18-24,3,Democrat,0,0,N,N,NA
M,25-34,1,Democrat,0,0,N,N,NA
F,45-54,1,Democrat,0,0,N,N,NA
F,18-24,1,Democrat,0,0,N,N,NA
F,18-24,1,Independent,0,0,N,N,NA
F,55-64,2,Democrat,0,0,N,N,NA
M,65+,1,Independent,0,0,N,N,NA
F,45-54,1,Other,0,0,N,N,NA
F,65+,1,Other,0,0,N,N,NA
M,25-34,3,Democrat,0,0,N,N,NA
M,35-44,3,Other,0,0,N,N,NA
M,18-24,2,Democrat,0,0,N,N,NA
F,35-44,3,Democrat,0,0,N,N,NA
M,65+,1,Democrat,0,0,N,N,NA
M,65+,1,Independent,0,0,N,N,NA
F,55-64,3,Independent,0,0,N,N,NA
M,65+,1,Independent,0,0,N,N,NA
F,55-64,3,Independent,0,0,N,Y,Email
F,25-34,2,Other,0,0,N,N,NA
M,25-34,2,Democrat,0,0,N,N,NA
M,18-24,2,Independent,0,0,N,N,NA
F,65+,2,Democrat,0,0,N,N,NA
F,25-34,1,Democrat,0,0,N,N,NA
F,25-34,2,Democrat,1,21,N,N,NA
M,65+,3,Democrat,0,0,N,N,NA
F,65+,1,Democrat,0,0,N,N,NA
F,18-24,2,Independent,0,0,N,N,NA
F,18-24,1,Independent,0,0,N,N,NA
F,25-34,1,Independent,0,0,N,N,NA
F,55-64,3,Democrat,0,0,N,N,NA
F,55-64,1,Democrat,1,19,Y,N,NA
F,65+,3,Democrat,0,0,N,N,NA
M,65+,2,Democrat,0,0,N,N,NA
M,18-24,2,Independent,0,0,N,N,NA
M,18-24,2,Democrat,0,0,N,N,NA
M,65+,2,Independent,0,0,N,N,NA
M,18-24,3,Democrat,0,0,N,N,NA
F,25-34,1,Democrat,0,0,N,N,NA
M,18-24,1,Democrat,0,0,N,N,NA
F,18-24,2,Democrat,0,0,N,N,NA
F,18-24,2,Other,0,0,N,N,NA
M,65+,2,Democrat,0,0,N,N,NA
M,18-24,2,Democrat,0,0,N,N,NA
F,35-44,3,Democrat,0,0,N,N,NA
M,45-54,1,Democrat,0,0,N,N,NA
F,25-34,3,Democrat,0,0,N,N,NA
M,65+,1,Democrat,0,0,N,N,NA
M,65+,1,Democrat,0,0,N,N,NA
F,65+,1,Independent,0,0,N,Y,Twitter
M,65+,3,Other,0,0,N,N,NA
F,65+,1,Democrat,0,0,N,N,NA
F,18-24,1,Democrat,0,0,N,N,NA
F,18-24,3,Democrat,0,0,N,N,NA
F,65+,1,Other,1,14,N,N,NA
F,25-34,3,Democrat,0,0,N,N,NA
M,35-44,3,Democrat,0,0,N,Y,Email
F,18-24,1,Democrat,0,0,N,N,NA
F,55-64,3,Democrat,0,0,N,N,NA
F,18-24,3,Democrat,0,0,N,N,NA
F,18-24,2,Independent,0,0,N,N,NA
M,65+,2,Democrat,0,0,N,N,NA
M,25-34,1,Democrat,0,0,N,N,NA
F,18-24,3,Independent,0,0,N,N,NA
M,45-54,1,Other,0,0,N,N,NA
F,18-24,2,Democrat,0,0,N,N,NA
F,18-24,1,Democrat,0,0,N,N,NA
F,25-34,2,Democrat,0,0,N,N,NA
M,25-34,1,Democrat,0,0,N,Y,Email
M,65+,1,Democrat,0,0,N,N,NA
F,65+,2,Democrat,0,0,N,N,NA
M,25-34,1,Democrat,0,0,N,N,NA
M,18-24,2,Democrat,0,0,N,N,NA
M,65+,2,Democrat,0,0,N,N,NA
M,55-64,1,Other,0,0,N,N,NA
F,18-24,1,Democrat,0,0,Y,N,NA
M,18-24,3,Independent,0,0,N,N,NA
M,45-54,3,Independent,0,0,Y,N,NA
F,35-44,3,Democrat,1,45,N,N,NA
M,18-24,1,Independent,0,0,N,N,NA
F,65+,1,Democrat,0,0,N,N,NA
M,35-44,3,Democrat,0,0,N,N,NA
M,25-34,1,Democrat,0,0,N,N,NA
F,65+,2,Independent,0,0,N,N,NA
F,25-34,2,Democrat,0,0,N,N,NA
M,18-24,1,Democrat,0,0,N,N,NA
M,65+,1,Independent,0,0,N,N,NA
M,55-64,1,Other,0,0,N,N,NA
M,35-44,2,Democrat,0,0,N,N,NA
F,18-24,2,Democrat,0,0,N,N,NA
F,25-34,1,Independent,0,0,N,N,NA
M,35-44,1,Democrat,1,24,N,N,NA
F,25-34,3,Independent,0,0,N,N,NA
M,35-44,1,Democrat,0,0,N,N,NA
M,35-44,2,Democrat,0,0,N,N,NA
F,18-24,2,Democrat,0,0,N,N,NA
M,55-64,1,Democrat,0,0,N,N,NA
M,35-44,3,Democrat,0,0,N,N,NA
F,65+,2,Democrat,0,0,N,Y,Email
M,45-54,2,Democrat,0,0,N,N,NA
F,65+,2,Democrat,1,20,N,N,NA
M,18-24,2,Other,0,0,N,N,NA
F,18-24,3,Democrat,0,0,N,N,NA
F,25-34,2,Independent,0,0,N,N,NA
M,25-34,3,Independent,0,0,N,N,NA
M,35-44,3,Democrat,0,0,N,N,NA
F,18-24,1,Democrat,0,0,N,N,NA
F,65+,1,Democrat,0,0,N,Y,Email
M,25-34,2,Other,0,0,N,N,NA
M,65+,1,Other,0,0,N,N,NA
M,65+,3,Democrat,0,0,N,N,NA
F,35-44,1,Democrat,0,0,N,Y,Email
F,65+,3,Independent,0,0,N,N,NA
M,25-34,2,Democrat,0,0,N,N,NA
M,55-64,2,Democrat,0,0,N,N,NA
F,35-44,2,Democrat,0,0,N,N,NA
F,55-64,3,Democrat,0,0,N,N,NA
M,45-54,3,Democrat,0,0,N,N,NA
F,35-44,1,Democrat,0,0,N,N,NA
M,25-34,1,Independent,0,0,N,N,NA
F,45-54,1,Democrat,1,17,N,N,NA
M,18-24,1,Independent,0,0,N,N,NA
F,25-34,3,Democrat,0,0,N,Y,Email
M,65+,1,Democrat,0,0,N,N,NA
M,35-44,2,Independent,0,0,N,N,NA
F,65+,1,Democrat,0,0,N,N,NA
M,25-34,2,Democrat,0,0,N,Y,Email
F,65+,3,Democrat,0,0,N,N,NA
F,25-34,2,Democrat,0,0,N,N,NA
F,25-34,2,Democrat,0,0,N,N,NA
F,25-34,3,Democrat,0,0,N,N,NA
F,35-44,1,Independent,0,0,N,N,NA
M,35-44,2,Democrat,0,0,N,N,NA
F,65+,1,Democrat,0,0,N,N,NA
M,25-34,2,Democrat,0,0,N,N,NA
M,65+,2,Democrat,0,0,N,N,NA
F,25-34,1,Democrat,0,0,N,N,NA
F,35-44,3,Democrat,0,0,N,Y,Email
M,35-44,2,Democrat,0,0,N,N,NA
F,18-24,1,Democrat,0,0,N,Y,Twitter
M,25-34,3,Democrat,0,0,N,N,NA
F,18-24,1,Democrat,0,0,N,N,NA
F,18-24,1,Democrat,0,0,N,N,NA
F,18-24,2,Other,0,0,N,N,NA
F,25-34,1,Democrat,0,0,N,N,NA
F,65+,1,Democrat,0,0,N,Y,Twitter
F,25-34,1,Democrat,0,0,N,N,NA
F,25-34,2,Democrat,0,0,N,N,NA
M,35-44,2,Democrat,0,0,N,N,NA
F,45-54,1,Democrat,0,0,N,N,NA
M,25-34,1,Democrat,0,0,N,N,NA
M,55-64,1,Democrat,0,0,Y,N,NA
M,65+,1,Democrat,0,0,N,N,NA
M,18-24,3,Democrat,0,0,N,N,NA
F,35-44,1,Other,0,0,N,N,NA
F,18-24,2,Democrat,0,0,N,N,NA
M,25-34,1,Democrat,0,0,N,N,NA
F,18-24,3,Democrat,0,0,N,N,NA
M,25-34,3,Democrat,0,0,N,N,NA
F,25-34,3,Democrat,0,0,N,N,NA
F,25-34,2,Other,0,0,N,N,NA
M,18-24,1,Democrat,0,0,N,Y,Email
M,25-34,3,Democrat,0,0,N,N,NA
M,25-34,2,Democrat,0,0,N,N,NA
F,25-34,3,Independent,0,0,N,N,NA
M,18-24,3,Democrat,1,35,N,N,NA
M,65+,3,Independent,0,0,N,N,NA
M,65+,1,Other,0,0,N,N,NA
F,35-44,3,Democrat,0,0,N,N,NA
M,25-34,1,Independent,0,0,N,N,NA
M,25-34,3,Democrat,0,0,N,N,NA
F,45-54,3,Democrat,0,0,N,N,NA
F,18-24,1,Democrat,0,0,N,N,NA
M,65+,2,Independent,0,0,N,N,NA
M,65+,3,Democrat,0,0,N,Y,Email
M,18-24,2,Democrat,0,0,N,N,NA
F,35-44,2,Democrat,0,0,N,N,NA
F,65+,1,Democrat,0,0,N,N,NA
M,18-24,1,Independent,0,0,N,N,NA
M,65+,2,Democrat,0,0,N,N,NA
M,45-54,2,Democrat,0,0,N,N,NA
F,55-64,3,Democrat,0,0,N,N,NA
M,18-24,3,Democrat,0,0,N,N,NA
M,45-54,2,Other,0,0,N,N,NA
M,35-44,3,Democrat,0,0,N,N,NA
F,65+,2,Democrat,0,0,N,N,NA
M,18-24,1,Democrat,0,0,N,N,NA
F,25-34,1,Democrat,0,0,N,N,NA
F,35-44,2,Democrat,0,0,N,N,NA
M,55-64,3,Democrat,0,0,N,Y,Email
M,65+,2,Democrat,0,0,N,N,NA
F,65+,1,Democrat,0,0,N,N,NA
F,65+,3,Democrat,0,0,N,N,NA
M,25-34,3,Democrat,0,0,N,N,NA
F,18-24,2,Independent,0,0,N,N,NA
M,55-64,2,Democrat,0,0,N,N,NA
M,55-64,2,Democrat,0,0,N,N,NA
F,45-54,1,Democrat,0,0,N,N,NA
F,25-34,1,Independent,0,0,N,N,NA
M,65+,2,Independent,0,0,N,N,NA
F,25-34,3,Independent,0,0,N,N,NA
F,35-44,1,Democrat,0,0,N,N,NA
F,55-64,2,Democrat,0,0,N,N,NA
F,18-24,3,Democrat,0,0,N,N,NA
M,65+,3,Democrat,0,0,N,N,NA
M,55-64,3,Democrat,0,0,N,N,NA
M,65+,2,Other,0,0,N,N,NA
F,65+,2,Other,0,0,N,N,NA
F,35-44,1,Democrat,0,0,N,N,NA
M,65+,3,Other,0,0,N,N,NA
F,25-34,2,Independent,0,0,N,N,NA
F,18-24,3,Democrat,0,0,N,Y,Twitter
F,25-34,2,Independent,0,0,N,Y,Email
M,65+,3,Democrat,0,0,N,N,NA
F,35-44,3,Democrat,0,0,N,N,NA
M,65+,3,Other,0,0,N,N,NA
F,25-34,2,Democrat,0,0,N,N,NA
F,65+,2,Democrat,0,0,N,N,NA
F,18-24,2,Independent,0,0,N,N,NA
M,25-34,1,Democrat,0,0,N,N,NA
M,25-34,3,Independent,0,0,N,N,NA
M,25-34,1,Independent,0,0,N,N,NA
F,35-44,1,Independent,0,0,N,N,NA
M,65+,1,Democrat,0,0,N,N,NA
M,55-64,3,Democrat,0,0,N,N,NA
M,18-24,2,Democrat,0,0,N,Y,Email
M,65+,2,Independent,0,0,N,N,NA
F,25-34,2,Democrat,0,0,N,N,NA
F,18-24,2,Democrat,0,0,N,N,NA
M,65+,3,Democrat,0,0,N,N,NA
F,35-44,3,Democrat,0,0,N,N,NA
M,65+,3,Democrat,0,0,N,N,NA
F,55-64,1,Independent,0,0,N,N,NA
M,65+,3,Democrat,0,0,N,N,NA
F,18-24,1,Democrat,0,0,N,N,NA
M,65+,1,Independent,0,0,N,N,NA
F,65+,3,Democrat,0,0,N,N,NA
F,25-34,1,Other,0,0,N,N,NA
M,18-24,2,Democrat,1,20,N,N,NA
M,35-44,1,Democrat,0,0,N,N,NA
F,25-34,2,Other,0,0,N,N,NA
M,18-24,1,Independent,0,0,N,N,NA
M,18-24,1,Democrat,1,11,N,N,NA
M,65+,2,Democrat,0,0,N,N,NA
F,18-24,1,Democrat,0,0,N,N,NA
F,35-44,3,Democrat,0,0,N,N,NA
F,25-34,3,Independent,0,0,N,N,NA
M,25-34,1,Democrat,0,0,N,N,NA
F,65+,3,Democrat,0,0,N,N,NA
F,18-24,2,Democrat,1,24,N,N,NA
F,25-34,1,Democrat,1,22,N,N,NA
F,18-24,3,Independent,0,0,N,N,NA
F,25-34,2,Democrat,0,0,N,N,NA
M,65+,1,Other,0,0,N,N,NA
F,18-24,3,Independent,1,25,N,N,NA
F,18-24,3,Democrat,0,0,N,N,NA
F,65+,1,Other,0,0,N,N,NA
F,35-44,1,Democrat,0,0,N,N,NA
F,65+,2,Democrat,0,0,N,N,NA
M,65+,3,Democrat,0,0,N,N,NA
F,55-64,1,Democrat,0,0,N,N,NA
F,65+,3,Democrat,0,0,N,N,NA
M,65+,1,Democrat,0,0,N,N,NA
F,55-64,1,Democrat,0,0,N,N,NA
M,35-44,1,Democrat,0,0,N,N,NA
M,18-24,3,Democrat,0,0,N,N,NA
M,25-34,1,Democrat,0,0,N,N,NA
M,55-64,1,Democrat,0,0,N,N,NA
F,65+,3,Independent,0,0,N,N,NA
F,18-24,2,Democrat,0,0,N,N,NA
F,65+,1,Democrat,0,0,N,Y,Email
M,55-64,2,Democrat,0,0,N,N,NA
F,55-64,2,Independent,0,0,N,N,NA
M,18-24,1,Other,0,0,N,N,NA
M,45-54,1,Other,0,0,N,N,NA
F,25-34,3,Democrat,0,0,N,N,NA
M,18-24,3,Democrat,0,0,N,N,NA
F,65+,3,Independent,0,0,N,N,NA
F,25-34,2,Democrat,0,0,N,N,NA
M,25-34,2,Democrat,0,0,N,N,NA
M,18-24,3,Independent,0,0,N,N,NA
F,65+,1,Democrat,0,0,N,N,NA
F,18-24,3,Independent,0,0,N,N,NA
F,65+,1,Democrat,0,0,N,N,NA
F,35-44,1,Democrat,0,0,N,N,NA
F,65+,2,Democrat,0,0,N,N,NA
F,65+,1,Democrat,0,0,N,N,NA
M,25-34,1,Democrat,0,0,N,N,NA
M,45-54,3,Other,0,0,N,N,NA
M,65+,2,Democrat,0,0,N,N,NA
M,35-44,1,Independent,0,0,N,N,NA
M,45-54,2,Independent,0,0,N,N,NA
F,35-44,1,Democrat,0,0,N,N,NA
M,65+,2,Democrat,0,0,N,N,NA
F,18-24,3,Democrat,0,0,N,Y,Email
F,18-24,3,Democrat,0,0,N,N,NA
F,65+,1,Democrat,0,0,N,N,NA
F,65+,3,Democrat,0,0,N,N,NA
F,65+,2,Democrat,0,0,N,N,NA
F,18-24,1,Independent,0,0,N,N,NA
M,18-24,2,Democrat,0,0,N,N,NA
M,65+,3,Democrat,0,0,N,N,NA
F,18-24,3,Other,0,0,N,N,NA
M,25-34,2,Democrat,0,0,N,N,NA
M,18-24,3,Democrat,0,0,N,N,NA
F,55-64,1,Independent,0,0,Y,N,NA
M,18-24,1,Democrat,1,25,N,N,NA
F,35-44,2,Democrat,0,0,N,N,NA
F,35-44,2,Democrat,0,0,N,N,NA
M,55-64,2,Democrat,0,0,N,N,NA
F,35-44,2,Democrat,0,0,N,Y,Twitter
M,18-24,2,Democrat,0,0,N,N,NA
F,35-44,2,Other,0,0,N,N,NA
F,55-64,3,Democrat,0,0,N,N,NA
F,65+,3,Democrat,0,0,N,N,NA
F,65+,3,Democrat,0,0,N,N,NA
M,65+,3,Other,0,0,N,N,NA
M,65+,1,Democrat,0,0,N,N,NA
F,25-34,1,Democrat,0,0,N,N,NA
F,65+,1,Independent,0,0,N,N,NA
F,18-24,2,Democrat,1,28,N,N,NA
M,35-44,2,Democrat,0,0,N,N,NA
M,18-24,3,Democrat,1,36,N,N,NA
F,35-44,3,Democrat,0,0,N,N,NA
F,18-24,1,Democrat,0,0,N,N,NA
F,25-34,1,Democrat,0,0,N,N,NA
M,55-64,2,Independent,0,0,N,N,NA
M,55-64,3,Independent,1,24,N,N,NA
M,18-24,1,Democrat,0,0,N,Y,Twitter
M,25-34,1,Democrat,0,0,N,N,NA
F,65+,1,Democrat,1,19,N,N,NA
F,18-24,3,Democrat,0,0,N,N,NA
F,55-64,3,Independent,0,0,N,N,NA
F,65+,3,Democrat,0,0,N,N,NA
F,25-34,2,Democrat,0,0,N,N,NA
F,65+,3,Other,0,0,N,N,NA
M,25-34,2,Independent,0,0,N,N,NA
M,55-64,1,Independent,0,0,N,N,NA
F,25-34,2,Democrat,0,0,N,N,NA
F,55-64,3,Independent,0,0,N,N,NA
M,35-44,1,Democrat,0,0,N,N,NA
M,55-64,2,Democrat,0,0,N,N,NA
M,65+,1,Democrat,0,0,N,N,NA
M,65+,2,Other,1,24,N,N,NA
F,55-64,1,Democrat,0,0,N,N,NA
M,18-24,2,Democrat,0,0,N,N,NA
M,18-24,2,Democrat,1,23,N,N,NA
F,25-34,1,Democrat,0,0,N,N,NA
M,18-24,1,Democrat,0,0,N,N,NA
M,35-44,2,Democrat,0,0,N,N,NA
F,65+,2,Independent,0,0,N,N,NA
F,25-34,3,Independent,0,0,N,N,NA
M,18-24,1,Democrat,0,0,N,N,NA
M,18-24,1,Democrat,0,0,N,N,NA
F,18-24,2,Democrat,0,0,N,N,NA
M,65+,2,Democrat,0,0,N,N,NA
F,25-34,3,Independent,0,0,N,N,NA
F,65+,3,Democrat,0,0,N,N,NA
M,18-24,2,Democrat,0,0,N,N,NA
F,65+,2,Democrat,0,0,N,N,NA
F,25-34,3,Democrat,0,0,N,N,NA
F,18-24,1,Democrat,0,0,N,N,NA
M,55-64,3,Democrat,0,0,N,N,NA
F,25-34,1,Democrat,0,0,N,Y,Email
M,35-44,3,Democrat,0,0,N,Y,Twitter
M,65+,1,Democrat,0,0,N,N,NA
F,18-24,3,Independent,0,0,N,N,NA
F,18-24,1,Democrat,0,0,N,N,NA
M,25-34,1,Democrat,0,0,N,N,NA
F,45-54,3,Democrat,0,0,N,Y,Email
M,25-34,3,Democrat,0,0,N,N,NA
F,35-44,1,Democrat,0,0,N,N,NA
M,25-34,1,Other,0,0,N,N,NA
M,35-44,1,Democrat,0,0,N,N,NA
M,18-24,1,Democrat,0,0,N,N,NA
F,25-34,2,Democrat,0,0,N,N,NA
M,35-44,3,Independent,0,0,N,N,NA
M,65+,3,Democrat,0,0,N,Y,Email
F,25-34,2,Independent,0,0,N,N,NA
M,55-64,1,Independent,0,0,N,N,NA
F,25-34,1,Democrat,0,0,N,N,NA
F,25-34,1,Democrat,0,0,N,N,NA
M,25-34,3,Democrat,0,0,N,N,NA
F,35-44,2,Democrat,0,0,N,N,NA
F,65+,2,Democrat,0,0,N,N,NA
F,25-34,1,Democrat,0,0,N,N,NA
F,55-64,1,Democrat,0,0,N,N,NA
M,18-24,1,Independent,0,0,N,N,NA
M,65+,2,Democrat,0,0,N,N,NA
F,25-34,3,Democrat,0,0,N,N,NA
F,18-24,3,Democrat,0,0,N,N,NA
M,18-24,1,Democrat,0,0,N,Y,Twitter
F,18-24,1,Democrat,0,0,N,N,NA
M,45-54,2,Democrat,0,0,N,N,NA
M,35-44,2,Democrat,0,0,N,N,NA
M,25-34,3,Democrat,0,0,N,N,NA
F,35-44,1,Independent,0,0,N,N,NA
M,45-54,1,Democrat,1,20,Y,N,NA
M,18-24,3,Independent,0,0,N,N,NA
M,65+,3,Democrat,1,44,N,N,NA
F,55-64,2,Democrat,0,0,N,N,NA
F,18-24,2,Other,0,0,N,N,NA
M,45-54,2,Democrat,1,20,N,N,NA
M,18-24,2,Democrat,0,0,N,N,NA
F,18-24,2,Democrat,0,0,N,N,NA
M,25-34,1,Democrat,0,0,N,N,NA
F,65+,1,Democrat,0,0,N,N,NA
F,18-24,2,Democrat,0,0,N,N,NA
F,55-64,1,Other,0,0,N,N,NA
F,65+,2,Democrat,0,0,N,N,NA
F,25-34,3,Independent,0,0,N,N,NA
F,35-44,3,Democrat,0,0,N,N,NA
F,65+,2,Democrat,0,0,N,N,NA
M,25-34,3,Democrat,0,0,N,N,NA
F,55-64,1,Democrat,0,0,N,N,NA
F,65+,3,Democrat,0,0,N,N,NA
F,35-44,3,Democrat,0,0,N,N,NA
F,35-44,1,Democrat,0,0,N,N,NA
M,25-34,2,Independent,0,0,N,N,NA
M,65+,3,Democrat,0,0,N,N,NA
M,18-24,3,Democrat,0,0,N,N,NA
F,35-44,1,Democrat,0,0,N,N,NA
M,25-34,2,Democrat,0,0,N,N,NA
M,55-64,2,Other,0,0,N,N,NA
M,65+,1,Other,0,0,N,N,NA
F,65+,1,Democrat,0,0,N,N,NA
F,65+,2,Democrat,0,0,N,N,NA
M,65+,3,Democrat,0,0,N,N,NA
F,35-44,1,Democrat,0,0,N,N,NA
F,18-24,1,Democrat,0,0,N,N,NA
F,65+,1,Other,0,0,N,N,NA
F,25-34,1,Democrat,0,0,N,N,NA
M,45-54,1,Other,0,0,N,N,NA
F,25-34,3,Other,1,31,N,Y,Twitter
F,35-44,2,Democrat,0,0,N,N,NA
F,65+,2,Democrat,0,0,N,N,NA
F,45-54,2,Democrat,0,0,N,N,NA
M,45-54,2,Democrat,0,0,N,N,NA
F,45-54,1,Independent,0,0,N,N,NA
M,65+,3,Democrat,0,0,N,N,NA
F,65+,3,Other,0,0,N,Y,Email
F,65+,3,Democrat,0,0,N,N,NA
M,45-54,2,Democrat,0,0,N,N,NA
F,25-34,1,Independent,0,0,N,N,NA
F,25-34,3,Other,0,0,N,N,NA
F,18-24,1,Independent,0,0,N,N,NA
M,65+,1,Independent,0,0,N,N,NA
F,65+,3,Democrat,0,0,N,N,NA
M,18-24,2,Democrat,0,0,N,Y,Twitter
M,25-34,1,Democrat,0,0,N,N,NA
M,65+,1,Independent,0,0,N,N,NA
F,35-44,2,Independent,0,0,N,N,NA
M,18-24,2,Independent,0,0,N,N,NA
M,65+,3,Democrat,0,0,N,N,NA
F,35-44,2,Independent,0,0,N,Y,Twitter
M,65+,2,Independent,0,0,N,N,NA
M,55-64,1,Other,0,0,N,N,NA
F,65+,1,Independent,0,0,Y,N,NA
F,65+,3,Democrat,0,0,N,N,NA
M,18-24,1,Democrat,0,0,N,N,NA
M,55-64,2,Democrat,0,0,N,N,NA
F,65+,1,Democrat,0,0,N,N,NA
F,65+,2,Democrat,0,0,N,N,NA
F,35-44,1,Democrat,1,16,N,N,NA
F,35-44,1,Democrat,0,0,N,N,NA
M,18-24,2,Independent,0,0,N,N,NA
M,18-24,1,Democrat,0,0,N,N,NA
F,65+,3,Democrat,0,0,N,N,NA
F,55-64,1,Democrat,0,0,N,N,NA
M,25-34,1,Independent,0,0,N,N,NA
M,18-24,2,Democrat,0,0,N,N,NA
F,25-34,1,Democrat,0,0,N,N,NA
M,25-34,3,Democrat,0,0,N,N,NA
M,18-24,3,Other,0,0,Y,N,NA
M,55-64,3,Independent,0,0,N,N,NA
F,25-34,2,Democrat,1,12,N,N,NA
M,25-34,2,Democrat,0,0,N,N,NA
F,18-24,3,Democrat,0,0,N,N,NA
M,18-24,2,Democrat,0,0,N,Y,Twitter
M,65+,3,Other,0,0,N,Y,Email
M,45-54,1,Democrat,0,0,N,N,NA
F,25-34,1,Democrat,0,0,N,N,NA
M,65+,1,Independent,0,0,N,N,NA
F,18-24,2,Independent,0,0,N,N,NA
M,65+,3,Democrat,0,0,N,N,NA
M,65+,2,Democrat,0,0,N,Y,Email
F,18-24,2,Democrat,0,0,N,N,NA
F,25-34,3,Democrat,0,0,N,N,NA
F,18-24,1,Democrat,0,0,N,N,NA
F,25-34,1,Other,1,22,N,N,NA
F,35-44,2,Democrat,0,0,N,N,NA
M,18-24,3,Democrat,0,0,N,N,NA
F,35-44,2,Democrat,0,0,N,N,NA
M,65+,2,Democrat,0,0,N,N,NA
M,18-24,3,Democrat,0,0,N,N,NA
M,65+,1,Independent,0,0,N,N,NA
M,35-44,2,Democrat,0,0,Y,N,NA
M,25-34,2,Independent,0,0,N,N,NA
M,65+,1,Democrat,0,0,N,N,NA
M,25-34,2,Democrat,0,0,N,N,NA
M,35-44,2,Independent,0,0,N,N,NA
F,35-44,1,Democrat,0,0,N,N,NA
F,35-44,1,Democrat,0,0,N,N,NA
M,55-64,3,Democrat,1,41,N,N,NA
M,18-24,1,Democrat,0,0,N,N,NA
F,25-34,3,Democrat,0,0,N,Y,Twitter
M,35-44,1,Democrat,0,0,N,N,NA
M,25-34,1,Democrat,0,0,N,N,NA
F,25-34,1,Democrat,0,0,N,N,NA
M,25-34,2,Independent,0,0,N,N,NA
M,18-24,3,Other,0,0,N,N,NA
M,25-34,1,Democrat,0,0,N,N,NA
F,35-44,3,Democrat,0,0,N,N,NA
M,55-64,1,Democrat,0,0,N,N,NA
F,55-64,2,Independent,0,0,N,N,NA
F,35-44,3,Democrat,0,0,N,N,NA
F,65+,1,Democrat,0,0,N,N,NA
F,25-34,1,Democrat,0,0,N,N,NA
F,25-34,3,Democrat,0,0,N,N,NA
F,25-34,2,Democrat,0,0,N,Y,Email
F,65+,2,Democrat,0,0,N,N,NA
M,18-24,2,Democrat,0,0,N,Y,Email
F,65+,3,Democrat,0,0,N,N,NA
M,25-34,3,Democrat,0,0,N,N,NA
F,65+,2,Democrat,0,0,N,N,NA
M,18-24,3,Democrat,0,0,N,N,NA
F,65+,3,Independent,0,0,N,N,NA
F,25-34,3,Democrat,0,0,N,N,NA
M,18-24,3,Independent,0,0,N,N,NA
M,35-44,1,Democrat,0,0,N,N,NA
M,25-34,1,Democrat,0,0,N,N,NA
F,65+,2,Democrat,0,0,N,Y,Email
M,55-64,1,Other,0,0,N,N,NA
M,18-24,2,Independent,0,0,N,N,NA
M,35-44,2,Other,1,29,N,N,NA
F,35-44,2,Independent,0,0,N,N,NA
F,18-24,2,Other,0,0,Y,N,NA
F,18-24,2,Independent,0,0,N,N,NA
F,18-24,1,Democrat,0,0,N,N,NA
M,35-44,3,Democrat,0,0,N,N,NA
M,18-24,1,Democrat,0,0,N,N,NA
M,55-64,3,Independent,0,0,N,N,NA
F,25-34,2,Democrat,0,0,N,N,NA
F,18-24,2,Democrat,0,0,N,N,NA
M,45-54,1,Democrat,0,0,N,N,NA
F,18-24,1,Democrat,0,0,N,Y,Email
F,25-34,3,Democrat,0,0,N,N,NA
F,65+,1,Democrat,0,0,N,N,NA
F,18-24,2,Democrat,0,0,N,N,NA
M,35-44,1,Democrat,0,0,N,N,NA
M,35-44,1,Independent,0,0,N,N,NA
M,25-34,3,Independent,0,0,N,N,NA
F,55-64,2,Other,0,0,N,N,NA
M,65+,3,Democrat,0,0,N,N,NA
F,55-64,2,Independent,0,0,N,N,NA
M,25-34,2,Democrat,0,0,N,N,NA
F,65+,2,Democrat,0,0,N,N,NA
M,45-54,3,Democrat,0,0,N,N,NA
F,18-24,3,Democrat,0,0,N,N,NA
F,18-24,1,Democrat,0,0,N,N,NA
F,18-24,2,Democrat,0,0,N,N,NA
F,35-44,1,Democrat,0,0,N,N,NA
M,25-34,1,Democrat,0,0,N,N,NA
F,25-34,1,Independent,0,0,N,N,NA
F,55-64,3,Democrat,0,0,N,N,NA
M,25-34,3,Democrat,0,0,N,N,NA
F,65+,2,Other,0,0,N,N,NA
F,18-24,3,Democrat,0,0,N,N,NA
M,18-24,1,Democrat,0,0,N,N,NA
F,18-24,1,Other,1,24,N,N,NA
M,65+,1,Other,1,21,Y,N,NA
M,65+,3,Democrat,1,27,N,N,NA
M,55-64,3,Democrat,1,35,N,N,NA
M,18-24,2,Other,0,0,N,N,NA
F,35-44,2,Other,0,0,N,N,NA
M,55-64,2,Independent,0,0,N,N,NA
F,35-44,2,Independent,0,0,N,N,NA
M,65+,2,Independent,0,0,Y,N,NA
M,18-24,2,Independent,0,0,N,N,NA
F,18-24,3,Democrat,0,0,N,N,NA
F,35-44,3,Democrat,0,0,N,N,NA
M,18-24,3,Other,0,0,N,N,NA
M,45-54,3,Democrat,0,0,N,N,NA
F,25-34,1,Other,0,0,N,N,NA
F,55-64,2,Democrat,0,0,N,N,NA
M,45-54,1,Democrat,0,0,N,N,NA
M,35-44,3,Democrat,0,0,N,N,NA
F,65+,1,Democrat,0,0,N,N,NA
M,25-34,3,Democrat,0,0,N,N,NA
M,18-24,3,Democrat,0,0,N,N,NA
F,18-24,2,Democrat,0,0,N,N,NA
M,18-24,2,Democrat,0,0,N,N,NA
M,65+,1,Independent,0,0,N,N,NA
F,65+,2,Democrat,0,0,N,N,NA
M,25-34,3,Democrat,0,0,N,N,NA
F,65+,2,Independent,1,20,N,Y,Twitter
M,18-24,1,Democrat,0,0,N,N,NA
M,25-34,3,Democrat,0,0,N,N,NA
M,55-64,3,Democrat,0,0,N,N,NA
M,18-24,3,Democrat,0,0,N,N,NA
F,25-34,1,Other,0,0,N,N,NA
M,18-24,1,Other,0,0,N,N,NA
M,65+,3,Independent,0,0,N,N,NA
M,25-34,3,Independent,1,19,N,N,NA
F,25-34,3,Democrat,0,0,N,N,NA
F,25-34,3,Democrat,0,0,N,N,NA
M,55-64,2,Democrat,0,0,N,N,NA
M,55-64,3,Democrat,0,0,N,Y,Twitter
M,45-54,1,Democrat,0,0,N,N,NA
M,65+,3,Democrat,0,0,N,N,NA
M,65+,1,Independent,0,0,N,N,NA
M,65+,1,Democrat,0,0,N,Y,Email
F,65+,3,Democrat,0,0,N,N,NA
M,25-34,3,Democrat,0,0,N,N,NA
M,65+,1,Independent,0,0,N,N,NA
M,25-34,3,Democrat,0,0,N,N,NA
M,45-54,1,Democrat,0,0,N,N,NA
M,55-64,2,Democrat,0,0,N,N,NA
M,65+,3,Democrat,0,0,N,N,NA
F,25-34,1,Democrat,0,0,N,N,NA
M,35-44,2,Democrat,0,0,N,N,NA
F,25-34,3,Independent,0,0,N,N,NA
M,65+,1,Democrat,0,0,N,N,NA
F,18-24,2,Independent,0,0,N,N,NA
F,35-44,1,Democrat,0,0,N,N,NA
F,65+,1,Democrat,0,0,N,N,NA
F,18-24,3,Democrat,0,0,N,N,NA
M,55-64,1,Other,0,0,N,N,NA
F,25-34,3,Democrat,0,0,N,N,NA
M,55-64,3,Other,0,0,N,N,NA
M,65+,3,Independent,0,0,N,N,NA
M,65+,2,Independent,0,0,N,N,NA
M,18-24,1,Democrat,0,0,N,N,NA
M,65+,2,Democrat,0,0,N,N,NA
M,65+,1,Independent,0,0,N,N,NA
M,18-24,3,Democrat,0,0,N,N,NA
F,65+,3,Democrat,1,25,N,N,NA
F,65+,2,Democrat,0,0,N,N,NA
M,18-24,1,Democrat,0,0,N,N,NA
F,45-54,3,Democrat,0,0,N,N,NA
F,55-64,3,Democrat,0,0,N,N,NA
F,65+,3,Democrat,0,0,N,N,NA
M,18-24,3,Democrat,0,0,N,N,NA
F,18-24,3,Democrat,0,0,N,N,NA
M,65+,2,Democrat,0,0,N,N,NA
F,25-34,3,Democrat,0,0,N,N,NA
M,65+,2,Independent,0,0,N,N,NA
F,65+,1,Democrat,0,0,Y,N,NA
F,25-34,2,Independent,0,0,N,N,NA
M,25-34,3,Independent,0,0,N,N,NA
M,25-34,3,Other,0,0,N,N,NA
F,18-24,2,Democrat,1,22,N,N,NA
F,65+,3,Democrat,0,0,N,N,NA
M,18-24,3,Democrat,0,0,N,N,NA
M,25-34,1,Democrat,0,0,N,N,NA
M,18-24,3,Democrat,0,0,N,N,NA
F,35-44,3,Democrat,0,0,N,N,NA
M,18-24,1,Democrat,1,24,N,Y,Email
M,18-24,2,Democrat,0,0,N,N,NA
F,65+,1,Independent,0,0,N,N,NA
M,65+,3,Democrat,0,0,N,N,NA
F,18-24,1,Democrat,0,0,N,N,NA
F,35-44,2,Other,0,0,N,N,NA
F,25-34,1,Independent,0,0,N,N,NA
F,35-44,3,Independent,0,0,N,N,NA
F,65+,2,Democrat,0,0,N,Y,Email
F,18-24,1,Democrat,0,0,N,N,NA
F,18-24,1,Other,0,0,N,N,NA
M,18-24,1,Independent,0,0,N,N,NA
F,25-34,2,Democrat,0,0,N,N,NA
M,25-34,1,Democrat,0,0,N,N,NA
F,35-44,3,Democrat,0,0,N,N,NA
F,25-34,1,Democrat,0,0,Y,N,NA
M,65+,3,Democrat,0,0,N,Y,Twitter
M,45-54,3,Democrat,0,0,N,N,NA
M,65+,1,Democrat,0,0,N,N,NA
M,25-34,3,Democrat,0,0,N,N,NA
F,65+,3,Independent,0,0,N,N,NA
F,35-44,3,Democrat,0,0,N,N,NA
M,18-24,1,Independent,1,22,N,N,NA
M,45-54,1,Democrat,0,0,N,N,NA
F,65+,1,Democrat,0,0,N,N,NA
F,18-24,3,Democrat,0,0,N,N,NA
M,18-24,3,Other,0,0,N,N,NA
M,65+,2,Democrat,0,0,N,N,NA
M,35-44,3,Democrat,0,0,N,N,NA
M,65+,3,Democrat,0,0,N,N,NA
F,65+,3,Democrat,0,0,N,N,NA
F,65+,3,Independent,0,0,N,N,NA
F,18-24,1,Democrat,0,0,N,N,NA
F,65+,3,Other,0,0,N,N,NA
F,55-64,1,Independent,0,0,N,N,NA
F,25-34,2,Democrat,0,0,N,N,NA
F,18-24,3,Democrat,0,0,N,N,NA
F,35-44,3,Democrat,0,0,N,Y,Twitter
F,65+,2,Independent,0,0,N,N,NA
F,18-24,3,Independent,0,0,N,N,NA
M,25-34,3,Democrat,0,0,N,N,NA
F,65+,2,Democrat,1,26,N,N,NA
M,25-34,3,Democrat,0,0,N,N,NA
F,65+,3,Other,0,0,N,N,NA
F,65+,3,Democrat,0,0,N,N,NA
M,25-34,3,Democrat,0,0,N,N,NA
M,65+,2,Democrat,0,0,N,N,NA
F,25-34,3,Other,0,0,N,N,NA
M,25-34,1,Independent,0,0,N,N,NA
F,18-24,3,Independent,0,0,N,N,NA
M,18-24,1,Democrat,0,0,N,N,NA
F,25-34,2,Democrat,0,0,N,N,NA
F,25-34,2,Independent,0,0,N,N,NA
F,25-34,3,Democrat,0,0,N,N,NA
M,45-54,3,Democrat,0,0,N,Y,Email
F,35-44,2,Democrat,0,0,N,N,NA
M,65+,1,Democrat,0,0,N,N,NA
F,65+,1,Democrat,0,0,N,N,NA
F,25-34,2,Independent,0,0,N,Y,Twitter
F,35-44,2,Democrat,0,0,N,N,NA
M,18-24,1,Other,0,0,N,N,NA
F,65+,3,Democrat,0,0,N,Y,Twitter
M,25-34,2,Democrat,0,0,N,N,NA
M,35-44,1,Democrat,0,0,N,N,NA
F,18-24,3,Democrat,0,0,N,N,NA
M,55-64,2,Democrat,0,0,N,N,NA
M,65+,3,Democrat,0,0,N,N,NA
M,45-54,1,Democrat,0,0,N,N,NA
F,18-24,3,Democrat,0,0,N,N,NA
M,55-64,2,Democrat,0,0,N,N,NA
M,35-44,1,Democrat,0,0,N,Y,Twitter
M,18-24,2,Democrat,1,23,N,N,NA
M,18-24,3,Democrat,0,0,N,N,NA
F,35-44,3,Democrat,0,0,N,N,NA
F,65+,1,Democrat,1,28,N,N,NA
M,45-54,1,Other,0,0,N,N,NA
F,55-64,3,Independent,0,0,N,N,NA
F,18-24,3,Democrat,0,0,N,N,NA
M,18-24,3,Democrat,0,0,N,N,NA
M,65+,1,Independent,0,0,N,N,NA
F,18-24,3,Democrat,0,0,N,N,NA
F,18-24,2,Democrat,0,0,N,N,NA
F,25-34,1,Other,0,0,N,N,NA
F,25-34,2,Democrat,0,0,N,N,NA
F,35-44,2,Independent,0,0,Y,N,NA
M,25-34,3,Other,0,0,N,N,NA
F,65+,1,Democrat,0,0,N,N,NA
M,25-34,2,Other,0,0,N,N,NA
M,25-34,1,Democrat,0,0,N,N,NA
M,25-34,2,Democrat,0,0,N,N,NA
M,25-34,2,Other,0,0,N,N,NA
M,25-34,3,Democrat,0,0,N,N,NA
M,65+,1,Democrat,0,0,N,N,NA
M,65+,2,Democrat,1,16,N,N,NA
F,18-24,2,Independent,0,0,N,N,NA
M,18-24,3,Democrat,0,0,N,N,NA
M,25-34,3,Democrat,0,0,N,N,NA
F,18-24,3,Democrat,0,0,N,Y,Twitter
M,65+,3,Other,0,0,N,N,NA
F,65+,1,Democrat,0,0,N,N,NA
F,65+,1,Independent,0,0,N,N,NA
F,65+,2,Democrat,0,0,N,N,NA
F,55-64,1,Democrat,0,0,N,N,NA
M,45-54,2,Democrat,0,0,N,N,NA
F,65+,3,Independent,0,0,N,N,NA
M,45-54,1,Independent,0,0,N,N,NA
F,25-34,3,Democrat,0,0,N,N,NA
M,45-54,1,Democrat,0,0,N,N,NA
M,45-54,1,Democrat,0,0,N,N,NA
F,18-24,3,Independent,0,0,N,N,NA
M,55-64,1,Democrat,0,0,N,N,NA
F,65+,3,Independent,0,0,N,N,NA
M,35-44,2,Democrat,0,0,N,N,NA
F,18-24,3,Democrat,0,0,N,N,NA
F,25-34,2,Other,0,0,N,N,NA
M,25-34,2,Democrat,0,0,N,N,NA
M,25-34,3,Independent,0,0,N,N,NA
F,65+,2,Other,0,0,N,N,NA
M,25-34,3,Democrat,0,0,N,N,NA
F,45-54,1,Democrat,1,22,N,N,NA
M,65+,2,Democrat,0,0,N,N,NA
F,18-24,1,Independent,0,0,N,N,NA
M,18-24,2,Independent,0,0,N,N,NA
F,45-54,3,Democrat,0,0,N,N,NA
F,35-44,2,Democrat,0,0,N,N,NA
M,65+,3,Independent,0,0,N,N,NA
M,65+,3,Other,0,0,N,N,NA
M,45-54,1,Democrat,0,0,N,N,NA
F,35-44,1,Other,0,0,N,Y,Email
M,18-24,2,Democrat,0,0,Y,N,NA
F,18-24,1,Democrat,0,0,N,N,NA
F,35-44,2,Democrat,0,0,N,N,NA
M,18-24,2,Democrat,0,0,N,N,NA
M,25-34,3,Democrat,0,0,N,N,NA
M,65+,1,Other,0,0,N,N,NA
F,18-24,3,Democrat,0,0,N,N,NA
M,25-34,2,Democrat,0,0,N,N,NA
F,55-64,1,Independent,0,0,N,N,NA
M,35-44,3,Democrat,0,0,N,N,NA
M,65+,3,Democrat,0,0,N,N,NA
F,18-24,2,Democrat,0,0,N,N,NA
F,65+,3,Other,0,0,N,N,NA
F,35-44,2,Other,0,0,N,N,NA
F,65+,2,Independent,0,0,N,N,NA
F,55-64,1,Other,0,0,N,N,NA
F,25-34,3,Democrat,0,0,N,N,NA
M,25-34,2,Democrat,1,17,N,N,NA
F,18-24,2,Democrat,0,0,N,N,NA
F,25-34,2,Democrat,0,0,N,N,NA
F,18-24,3,Democrat,0,0,N,N,NA
M,45-54,2,Democrat,0,0,Y,Y,Email
F,18-24,3,Democrat,0,0,N,N,NA
F,18-24,1,Democrat,0,0,N,N,NA
M,25-34,2,Democrat,0,0,N,N,NA
F,35-44,1,Democrat,0,0,N,N,NA
M,18-24,1,Democrat,0,0,N,N,NA
F,25-34,1,Democrat,0,0,N,N,NA
M,18-24,2,Independent,0,0,N,N,NA
F,18-24,2,Democrat,0,0,N,N,NA
F,55-64,2,Independent,0,0,N,N,NA
M,18-24,2,Democrat,0,0,N,N,NA
F,35-44,3,Democrat,0,0,N,N,NA
F,35-44,1,Democrat,0,0,N,N,NA
M,25-34,1,Democrat,1,18,N,N,NA
M,18-24,2,Democrat,0,0,N,N,NA
M,55-64,2,Democrat,0,0,N,N,NA
F,25-34,1,Democrat,0,0,N,Y,Twitter
M,65+,3,Independent,0,0,N,N,NA
M,65+,1,Democrat,0,0,Y,N,NA
M,65+,2,Democrat,0,0,N,N,NA
M,65+,3,Democrat,0,0,N,N,NA
F,65+,1,Democrat,0,0,N,N,NA
F,55-64,2,Democrat,0,0,N,N,NA
M,55-64,2,Democrat,0,0,N,N,NA
M,45-54,1,Democrat,0,0,N,N,NA
M,18-24,3,Democrat,0,0,N,N,NA
M,18-24,3,Democrat,0,0,N,N,NA
F,25-34,3,Democrat,0,0,N,N,NA
F,18-24,3,Democrat,0,0,N,N,NA
M,25-34,3,Democrat,0,0,N,N,NA
F,35-44,1,Democrat,0,0,N,N,NA
F,25-34,2,Democrat,0,0,N,N,NA
M,25-34,3,Democrat,0,0,N,Y,Email
M,25-34,3,Independent,0,0,N,N,NA
F,25-34,2,Other,0,0,N,N,NA
F,18-24,1,Democrat,0,0,N,N,NA
M,18-24,3,Democrat,0,0,N,N,NA
M,25-34,2,Democrat,0,0,N,N,NA
F,25-34,3,Other,0,0,N,N,NA
F,25-34,3,Other,0,0,N,N,NA
M,35-44,1,Democrat,0,0,N,N,NA
M,18-24,2,Democrat,0,0,N,Y,Email
F,25-34,1,Independent,0,0,N,N,NA
F,65+,3,Democrat,0,0,N,N,NA
F,18-24,1,Independent,0,0,N,N,NA
M,65+,1,Democrat,0,0,N,N,NA
F,65+,3,Democrat,0,0,N,N,NA
M,65+,2,Democrat,0,0,N,N,NA
F,65+,3,Democrat,0,0,N,Y,Email
F,18-24,3,Democrat,0,0,N,N,NA
M,25-34,1,Democrat,0,0,N,N,NA
M,45-54,2,Independent,0,0,N,N,NA
M,18-24,1,Democrat,0,0,N,N,NA
F,18-24,1,Other,0,0,N,N,NA
M,25-34,3,Democrat,0,0,N,N,NA
M,65+,2,Independent,0,0,N,N,NA
M,25-34,1,Democrat,1,13,N,N,NA
F,25-34,1,Democrat,0,0,Y,N,NA
M,18-24,1,Independent,0,0,N,N,NA
F,55-64,2,Democrat,1,21,N,N,NA
F,25-34,2,Independent,0,0,N,N,NA
F,18-24,3,Democrat,0,0,N,Y,Twitter
M,65+,2,Independent,0,0,N,N,NA
M,55-64,2,Democrat,1,25,N,N,NA
M,25-34,2,Independent,0,0,N,N,NA
M,65+,2,Democrat,0,0,N,N,NA
F,55-64,2,Democrat,0,0,N,N,NA
F,25-34,2,Democrat,0,0,N,Y,Twitter
M,55-64,3,Other,0,0,N,N,NA
F,25-34,2,Democrat,0,0,N,N,NA
F,35-44,2,Independent,0,0,Y,N,NA
M,65+,1,Democrat,0,0,N,N,NA
M,18-24,3,Democrat,0,0,N,N,NA
M,45-54,2,Democrat,0,0,N,N,NA
F,18-24,3,Democrat,0,0,N,N,NA
F,55-64,1,Democrat,0,0,N,N,NA
F,18-24,2,Democrat,0,0,N,N,NA
F,55-64,1,Democrat,0,0,N,N,NA
M,65+,1,Democrat,0,0,N,N,NA
M,18-24,2,Democrat,0,0,N,N,NA
M,25-34,2,Democrat,0,0,N,N,NA
M,65+,1,Independent,0,0,N,N,NA
F,25-34,2,Other,0,0,N,N,NA
M,65+,2,Democrat,1,20,N,N,NA
F,25-34,2,Democrat,0,0,N,N,NA
F,25-34,1,Democrat,0,0,N,N,NA
F,18-24,2,Democrat,0,0,N,N,NA
M,18-24,3,Democrat,0,0,N,N,NA
F,65+,1,Democrat,1,24,N,N,NA
M,25-34,2,Democrat,0,0,N,N,NA
M,55-64,2,Democrat,0,0,N,N,NA
F,65+,3,Independent,0,0,N,N,NA
M,35-44,2,Other,0,0,N,N,NA
M,65+,1,Independent,1,19,N,N,NA
F,65+,3,Other,0,0,N,N,NA
M,18-24,3,Democrat,0,0,N,N,NA
F,35-44,1,Democrat,0,0,N,N,NA
M,25-34,1,Other,0,0,N,N,NA
M,65+,1,Democrat,0,0,N,N,NA
F,18-24,2,Democrat,0,0,N,N,NA
M,65+,1,Democrat,0,0,N,N,NA
F,65+,2,Democrat,0,0,N,N,NA
F,65+,1,Democrat,0,0,N,N,NA
M,55-64,3,Independent,0,0,N,N,NA
F,55-64,1,Democrat,0,0,N,N,NA
F,45-54,1,Democrat,0,0,N,N,NA
M,25-34,1,Democrat,0,0,N,N,NA
M,55-64,2,Democrat,0,0,N,N,NA
F,18-24,2,Democrat,0,0,N,N,NA
M,45-54,2,Independent,0,0,N,N,NA
F,65+,3,Independent,0,0,N,N,NA
F,65+,2,Democrat,0,0,N,N,NA
F,25-34,2,Democrat,0,0,N,N,NA
F,65+,1,Democrat,0,0,N,N,NA
F,55-64,1,Democrat,0,0,N,N,NA
M,35-44,2,Democrat,0,0,N,N,NA
M,65+,1,Democrat,0,0,N,N,NA
M,35-44,3,Democrat,0,0,N,N,NA
F,65+,2,Other,0,0,N,Y,Twitter
F,25-34,3,Democrat,0,0,N,N,NA
F,18-24,3,Independent,0,0,N,N,NA
M,65+,1,Democrat,0,0,N,N,NA
F,65+,3,Independent,0,0,N,N,NA
F,65+,1,Democrat,0,0,N,N,NA
F,65+,1,Democrat,0,0,Y,N,NA
F,18-24,2,Democrat,0,0,N,N,NA
M,65+,2,Democrat,0,0,N,N,NA
F,25-34,1,Other,0,0,N,N,NA
M,55-64,2,Democrat,1,31,N,N,NA
M,65+,1,Independent,0,0,N,N,NA
M,55-64,1,Democrat,0,0,N,Y,Twitter
F,65+,1,Democrat,0,0,N,N,NA
F,35-44,2,Democrat,0,0,N,N,NA
M,65+,2,Democrat,0,0,N,N,NA
F,25-34,3,Democrat,0,0,N,N,NA
M,18-24,2,Democrat,0,0,N,N,NA
M,45-54,2,Democrat,0,0,N,N,NA
F,65+,3,Democrat,0,0,N,N,NA
F,35-44,2,Democrat,0,0,N,N,NA
F,18-24,1,Independent,0,0,N,N,NA
M,65+,3,Democrat,0,0,Y,N,NA
F,45-54,3,Independent,0,0,Y,N,NA
F,65+,1,Democrat,0,0,N,N,NA
M,55-64,3,Independent,0,0,N,N,NA
F,55-64,2,Other,0,0,N,N,NA
M,25-34,1,Democrat,0,0,N,N,NA
M,45-54,1,Democrat,0,0,N,N,NA
F,65+,1,Democrat,0,0,N,N,NA
F,65+,1,Democrat,0,0,N,N,NA
F,18-24,1,Democrat,0,0,N,N,NA
M,65+,2,Independent,0,0,N,N,NA
F,65+,1,Independent,0,0,N,N,NA
M,35-44,2,Democrat,0,0,N,N,NA
M,25-34,1,Independent,1,21,N,N,NA
F,35-44,1,Democrat,0,0,N,N,NA
F,18-24,2,Democrat,0,0,N,N,NA
F,35-44,2,Other,0,0,N,N,NA
F,18-24,2,Democrat,0,0,N,N,NA
M,55-64,1,Democrat,0,0,N,N,NA
F,65+,1,Democrat,0,0,N,Y,Email
F,25-34,3,Democrat,0,0,N,N,NA
F,35-44,3,Independent,0,0,N,N,NA
F,18-24,3,Independent,0,0,N,N,NA
F,65+,3,Independent,1,26,N,N,NA
M,65+,2,Democrat,0,0,N,N,NA
M,18-24,2,Democrat,0,0,N,N,NA
M,18-24,1,Democrat,0,0,N,N,NA
F,18-24,3,Democrat,0,0,N,N,NA
M,18-24,1,Democrat,0,0,N,N,NA
M,35-44,3,Democrat,0,0,N,N,NA
M,25-34,1,Democrat,0,0,N,N,NA
F,65+,1,Democrat,0,0,N,N,NA
F,25-34,1,Democrat,0,0,N,N,NA
M,55-64,2,Democrat,0,0,N,N,NA
F,55-64,2,Democrat,0,0,N,N,NA
F,18-24,3,Democrat,0,0,N,N,NA
F,18-24,2,Democrat,0,0,N,N,NA
F,65+,1,Independent,0,0,N,N,NA
M,65+,2,Democrat,0,0,N,N,NA
M,25-34,3,Independent,0,0,N,N,NA
M,18-24,3,Democrat,0,0,N,N,NA
M,45-54,1,Democrat,0,0,N,N,NA
F,18-24,2,Democrat,0,0,N,N,NA
M,55-64,3,Democrat,0,0,N,N,NA
M,45-54,2,Democrat,0,0,N,N,NA
M,25-34,1,Democrat,0,0,N,N,NA
F,65+,2,Independent,0,0,Y,N,NA
F,65+,1,Independent,0,0,N,N,NA
F,55-64,1,Democrat,0,0,N,N,NA
M,65+,1,Democrat,0,0,N,N,NA
M,25-34,2,Democrat,0,0,N,N,NA
F,25-34,3,Democrat,0,0,N,N,NA
M,35-44,1,Democrat,0,0,N,N,NA
F,35-44,3,Democrat,0,0,N,N,NA
F,18-24,3,Democrat,0,0,N,N,NA
M,35-44,1,Democrat,0,0,N,N,NA
F,18-24,1,Independent,0,0,N,N,NA
M,45-54,1,Other,0,0,N,Y,Email
M,18-24,3,Independent,0,0,N,N,NA
M,45-54,1,Democrat,0,0,N,N,NA
F,35-44,3,Democrat,0,0,N,N,NA
F,65+,1,Democrat,0,0,N,N,NA
F,35-44,1,Democrat,0,0,N,N,NA
F,25-34,2,Democrat,0,0,N,N,NA
F,18-24,2,Democrat,0,0,N,N,NA
F,65+,3,Democrat,0,0,N,N,NA
F,65+,2,Democrat,0,0,N,N,NA
F,65+,3,Independent,0,0,N,N,NA
F,45-54,2,Democrat,0,0,N,N,NA
M,18-24,3,Democrat,0,0,N,N,NA
F,18-24,3,Democrat,0,0,N,N,NA
M,25-34,3,Democrat,0,0,N,N,NA
M,65+,2,Independent,0,0,N,N,NA
F,55-64,1,Democrat,0,0,N,N,NA
F,65+,1,Other,0,0,N,N,NA
M,25-34,3,Democrat,0,0,N,N,NA
F,65+,3,Democrat,0,0,N,N,NA
M,18-24,1,Democrat,0,0,N,N,NA
M,45-54,3,Democrat,0,0,N,N,NA
M,18-24,3,Other,0,0,N,N,NA
M,25-34,1,Democrat,0,0,N,N,NA
M,25-34,3,Democrat,0,0,N,N,NA
M,35-44,3,Democrat,0,0,N,N,NA
F,65+,1,Democrat,0,0,N,N,NA
M,65+,1,Democrat,0,0,Y,N,NA
M,45-54,1,Democrat,0,0,N,N,NA
F,65+,2,Democrat,0,0,N,N,NA
F,55-64,2,Other,0,0,N,N,NA
M,18-24,2,Democrat,0,0,N,N,NA
M,18-24,1,Democrat,0,0,N,N,NA
F,25-34,3,Independent,0,0,N,N,NA
F,35-44,3,Independent,0,0,N,N,NA
M,35-44,1,Independent,0,0,N,N,NA
F,18-24,3,Democrat,0,0,N,N,NA
M,18-24,2,Democrat,0,0,N,N,NA
M,65+,3,Democrat,0,0,N,Y,Twitter
F,18-24,1,Democrat,0,0,N,N,NA
F,25-34,3,Democrat,0,0,N,N,NA
F,35-44,2,Independent,0,0,N,Y,Twitter
M,18-24,3,Democrat,1,41,N,N,NA
M,25-34,2,Democrat,0,0,N,N,NA
F,35-44,1,Democrat,0,0,N,N,NA
M,45-54,3,Democrat,0,0,N,N,NA
F,25-34,2,Other,0,0,N,N,NA
M,35-44,3,Democrat,0,0,N,N,NA
M,18-24,2,Democrat,0,0,N,N,NA
M,65+,2,Democrat,0,0,N,N,NA
F,45-54,2,Other,0,0,N,N,NA
M,65+,2,Independent,0,0,N,N,NA
M,65+,3,Independent,0,0,N,N,NA
M,65+,2,Other,0,0,N,N,NA
M,45-54,2,Democrat,0,0,N,N,NA
M,18-24,2,Independent,1,28,N,Y,Email
M,35-44,2,Independent,0,0,N,N,NA
M,35-44,2,Democrat,0,0,N,N,NA
F,35-44,2,Democrat,0,0,N,N,NA
F,45-54,1,Democrat,0,0,N,N,NA
F,18-24,1,Other,0,0,N,Y,Email
F,65+,3,Democrat,0,0,N,N,NA
F,65+,3,Independent,0,0,N,N,NA
F,65+,2,Independent,0,0,N,N,NA
M,65+,1,Democrat,0,0,N,N,NA
F,25-34,3,Democrat,0,0,N,N,NA
F,25-34,2,Other,0,0,N,N,NA
M,45-54,3,Other,0,0,N,N,NA
M,65+,1,Democrat,0,0,N,N,NA
M,65+,2,Democrat,0,0,N,N,NA
M,45-54,2,Democrat,0,0,N,N,NA
M,35-44,3,Independent,0,0,N,N,NA
M,35-44,3,Other,0,0,N,N,NA
F,25-34,3,Independent,0,0,N,N,NA
F,65+,2,Other,0,0,N,N,NA
M,35-44,2,Independent,0,0,N,Y,Email
F,18-24,3,Democrat,0,0,N,N,NA
M,18-24,1,Democrat,0,0,N,N,NA
F,35-44,1,Independent,0,0,N,N,NA
M,25-34,2,Democrat,0,0,N,Y,Email
M,18-24,2,Independent,0,0,N,N,NA
M,55-64,1,Democrat,0,0,N,N,NA
F,65+,2,Democrat,0,0,N,N,NA
F,18-24,1,Democrat,0,0,N,N,NA
F,65+,3,Democrat,0,0,N,N,NA
M,65+,1,Independent,1,19,N,N,NA
F,45-54,3,Democrat,0,0,N,N,NA
M,65+,3,Democrat,0,0,N,N,NA
M,18-24,3,Democrat,0,0,N,N,NA
M,25-34,1,Democrat,0,0,N,N,NA
F,65+,2,Democrat,0,0,N,N,NA
F,55-64,2,Democrat,0,0,N,N,NA
F,55-64,2,Democrat,0,0,N,N,NA
M,25-34,2,Democrat,0,0,N,N,NA
F,18-24,2,Democrat,0,0,N,N,NA
F,35-44,3,Other,0,0,N,N,NA
F,55-64,1,Independent,0,0,N,N,NA
M,35-44,1,Independent,0,0,N,N,NA
M,65+,1,Democrat,0,0,N,N,NA
M,18-24,3,Democrat,0,0,N,Y,Email
F,25-34,3,Other,0,0,N,N,NA
F,65+,1,Democrat,0,0,N,N,NA
M,65+,2,Democrat,1,22,N,Y,Email
F,25-34,2,Independent,0,0,N,Y,Email
F,18-24,3,Democrat,0,0,N,N,NA
F,45-54,1,Democrat,0,0,N,N,NA
M,45-54,2,Democrat,0,0,N,N,NA
M,65+,2,Democrat,0,0,N,N,NA
M,65+,1,Democrat,0,0,N,N,NA
M,25-34,1,Democrat,0,0,N,N,NA
M,25-34,2,Democrat,0,0,N,N,NA
M,65+,2,Democrat,0,0,N,N,NA
F,65+,1,Democrat,0,0,N,N,NA
M,55-64,3,Democrat,0,0,N,N,NA
F,18-24,2,Other,0,0,N,N,NA
M,65+,3,Other,0,0,N,N,NA
M,65+,1,Democrat,0,0,N,N,NA
M,65+,2,Democrat,0,0,N,N,NA
M,55-64,1,Democrat,0,0,N,N,NA
M,55-64,1,Democrat,0,0,N,N,NA
M,55-64,2,Democrat,0,0,N,Y,Email
F,45-54,1,Democrat,0,0,N,N,NA
F,35-44,1,Democrat,0,0,N,N,NA
M,35-44,3,Independent,0,0,N,N,NA
M,45-54,3,Democrat,1,41,N,Y,Email
F,65+,2,Democrat,0,0,N,N,NA
F,25-34,3,Democrat,0,0,N,N,NA
M,45-54,2,Democrat,0,0,N,N,NA
M,18-24,2,Other,0,0,N,N,NA
M,65+,3,Democrat,0,0,N,N,NA
M,35-44,1,Other,0,0,N,N,NA
M,18-24,1,Independent,1,15,N,N,NA
F,25-34,2,Independent,0,0,N,N,NA
M,25-34,2,Democrat,0,0,N,N,NA
M,65+,1,Democrat,0,0,Y,N,NA
F,35-44,2,Independent,0,0,N,N,NA
M,45-54,3,Independent,0,0,N,N,NA
M,35-44,2,Democrat,0,0,N,N,NA
M,35-44,3,Independent,0,0,N,N,NA
F,65+,1,Independent,0,0,N,N,NA
F,18-24,2,Independent,0,0,N,N,NA
F,25-34,1,Democrat,0,0,Y,N,NA
M,45-54,2,Other,0,0,N,N,NA
M,45-54,3,Independent,0,0,N,Y,Twitter
F,18-24,2,Democrat,0,0,N,N,NA
F,25-34,2,Independent,0,0,N,N,NA
F,25-34,1,Democrat,0,0,N,N,NA
M,18-24,2,Democrat,0,0,N,N,NA
F,25-34,3,Democrat,0,0,N,N,NA
F,18-24,3,Independent,0,0,N,N,NA
F,35-44,2,Democrat,0,0,N,N,NA
M,55-64,2,Democrat,0,0,N,N,NA
M,25-34,2,Democrat,1,29,N,N,NA
F,45-54,1,Democrat,0,0,N,N,NA
F,25-34,1,Democrat,0,0,N,N,NA
F,55-64,1,Independent,0,0,N,N,NA
F,65+,1,Democrat,0,0,N,N,NA
F,55-64,1,Independent,0,0,N,N,NA
F,65+,1,Other,0,0,N,N,NA
M,18-24,1,Independent,0,0,N,N,NA
M,65+,1,Democrat,0,0,N,N,NA
M,18-24,1,Democrat,0,0,N,N,NA
F,35-44,2,Independent,0,0,N,N,NA
M,65+,3,Independent,0,0,N,Y,Email
F,35-44,3,Democrat,0,0,N,N,NA
F,25-34,1,Democrat,0,0,Y,Y,Email
M,18-24,2,Democrat,0,0,N,Y,Email
M,18-24,1,Democrat,0,0,N,N,NA
F,18-24,2,Independent,0,0,N,N,NA
F,45-54,3,Independent,0,0,N,N,NA
M,18-24,1,Democrat,0,0,N,Y,Twitter
M,18-24,3,Democrat,0,0,N,N,NA
F,35-44,3,Democrat,0,0,N,N,NA
F,25-34,1,Democrat,0,0,N,N,NA
F,25-34,1,Democrat,0,0,N,N,NA
M,65+,3,Other,0,0,Y,Y,Email
M,25-34,3,Other,0,0,N,N,NA
M,25-34,3,Other,0,0,N,N,NA
F,65+,1,Independent,0,0,N,N,NA
F,45-54,2,Democrat,0,0,N,N,NA
F,18-24,3,Democrat,0,0,N,N,NA
F,65+,3,Other,0,0,N,N,NA
M,35-44,3,Democrat,0,0,N,N,NA
F,35-44,3,Independent,0,0,N,N,NA
M,18-24,3,Democrat,0,0,N,N,NA
F,25-34,1,Democrat,0,0,N,Y,Twitter
M,18-24,1,Democrat,0,0,N,Y,Email
F,25-34,2,Independent,0,0,N,Y,Email
M,65+,2,Independent,0,0,N,N,NA
F,55-64,3,Democrat,0,0,N,N,NA
M,65+,2,Democrat,0,0,N,N,NA
F,65+,3,Democrat,0,0,N,N,NA
M,65+,2,Independent,0,0,N,N,NA
F,65+,1,Independent,0,0,N,N,NA
M,25-34,3,Independent,0,0,N,N,NA
M,65+,1,Democrat,0,0,N,N,NA
F,18-24,1,Democrat,0,0,N,N,NA
F,35-44,3,Democrat,0,0,N,N,NA
F,25-34,1,Democrat,0,0,N,N,NA
F,55-64,1,Democrat,0,0,N,N,NA
F,45-54,3,Democrat,1,36,N,N,NA
M,45-54,3,Democrat,0,0,N,N,NA
F,65+,2,Democrat,1,20,N,N,NA
M,55-64,1,Democrat,0,0,N,N,NA
F,18-24,1,Democrat,0,0,N,N,NA
F,25-34,3,Democrat,0,0,N,N,NA
M,18-24,1,Other,0,0,N,N,NA
M,25-34,1,Democrat,0,0,N,N,NA
M,65+,3,Independent,0,0,N,Y,Email
M,45-54,2,Democrat,0,0,N,N,NA
M,65+,2,Democrat,0,0,N,N,NA
M,35-44,3,Other,0,0,N,N,NA
F,65+,2,Independent,0,0,N,N,NA
F,25-34,2,Democrat,0,0,N,N,NA
F,25-34,2,Democrat,0,0,Y,N,NA
F,45-54,1,Independent,0,0,N,N,NA
F,25-34,2,Democrat,0,0,N,N,NA
M,18-24,3,Democrat,0,0,N,N,NA
M,25-34,2,Democrat,0,0,N,N,NA
M,18-24,3,Other,0,0,N,N,NA
M,65+,2,Democrat,1,17,N,N,NA
F,55-64,2,Democrat,0,0,N,N,NA
F,18-24,2,Democrat,0,0,N,N,NA
F,35-44,3,Democrat,0,0,N,N,NA
F,65+,2,Democrat,0,0,N,N,NA
M,65+,2,Independent,0,0,N,N,NA
F,55-64,2,Democrat,0,0,N,N,NA
M,25-34,2,Other,0,0,N,N,NA
M,65+,3,Independent,0,0,N,N,NA
F,45-54,3,Democrat,0,0,N,N,NA
M,65+,2,Democrat,0,0,N,N,NA
F,65+,2,Democrat,0,0,N,N,NA
M,25-34,2,Independent,0,0,N,N,NA
M,18-24,3,Independent,0,0,N,N,NA
M,45-54,2,Democrat,0,0,N,N,NA
F,65+,1,Democrat,0,0,N,N,NA
M,65+,2,Democrat,0,0,N,N,NA
F,55-64,2,Democrat,1,17,N,N,NA
F,65+,2,Democrat,0,0,N,N,NA
M,18-24,1,Democrat,0,0,N,N,NA
M,18-24,1,Democrat,0,0,N,N,NA
M,25-34,2,Other,0,0,N,N,NA
F,55-64,3,Independent,0,0,N,N,NA
F,65+,3,Democrat,0,0,N,Y,Email
M,65+,1,Independent,0,0,N,N,NA
F,25-34,3,Democrat,0,0,N,N,NA
M,35-44,1,Democrat,0,0,N,N,NA
M,65+,3,Democrat,0,0,N,N,NA
M,18-24,2,Democrat,0,0,N,N,NA
F,55-64,1,Independent,0,0,N,N,NA
M,18-24,3,Other,0,0,N,N,NA
M,18-24,1,Democrat,0,0,N,N,NA
F,65+,2,Democrat,1,26,N,N,NA
M,25-34,2,Independent,0,0,N,N,NA
M,18-24,1,Democrat,0,0,N,N,NA
F,65+,1,Democrat,0,0,N,N,NA
M,18-24,3,Democrat,0,0,N,N,NA
M,35-44,1,Democrat,1,20,N,N,NA
F,65+,3,Democrat,0,0,N,N,NA
M,25-34,1,Democrat,0,0,N,N,NA
M,18-24,1,Democrat,1,16,N,N,NA
F,18-24,2,Democrat,0,0,N,N,NA
M,18-24,1,Democrat,0,0,N,N,NA
F,45-54,1,Other,0,0,N,N,NA
M,18-24,2,Democrat,0,0,N,N,NA
F,65+,1,Democrat,0,0,N,N,NA
F,65+,3,Independent,0,0,N,N,NA
F,65+,3,Independent,0,0,N,N,NA
F,18-24,2,Independent,0,0,N,Y,Email
F,25-34,1,Democrat,0,0,N,N,NA
M,25-34,2,Democrat,0,0,N,N,NA
F,45-54,1,Independent,0,0,N,N,NA
M,35-44,3,Democrat,0,0,N,N,NA
M,45-54,3,Democrat,0,0,N,Y,Email
F,25-34,2,Democrat,0,0,N,N,NA
F,18-24,3,Democrat,0,0,N,N,NA
M,65+,2,Other,0,0,N,N,NA
F,55-64,2,Independent,0,0,N,N,NA
M,18-24,2,Democrat,0,0,N,N,NA
M,65+,2,Democrat,1,13,N,Y,Email
M,55-64,2,Democrat,0,0,N,N,NA
F,65+,2,Democrat,0,0,N,N,NA
F,25-34,1,Democrat,0,0,N,N,NA
F,18-24,3,Democrat,0,0,N,N,NA
F,65+,2,Democrat,1,21,N,N,NA
F,18-24,1,Democrat,0,0,N,N,NA
M,18-24,1,Other,0,0,N,N,NA
M,55-64,1,Democrat,0,0,N,N,NA
M,18-24,1,Democrat,0,0,N,Y,Email
F,25-34,1,Democrat,0,0,N,N,NA
M,45-54,3,Independent,0,0,N,N,NA
F,65+,3,Democrat,0,0,N,N,NA
F,55-64,1,Other,0,0,N,N,NA
M,65+,2,Democrat,0,0,N,N,NA
F,55-64,2,Democrat,0,0,N,N,NA
M,65+,2,Independent,0,0,N,N,NA
M,25-34,3,Democrat,0,0,N,N,NA
F,65+,2,Independent,0,0,N,N,NA
M,65+,2,Democrat,0,0,N,Y,Email
F,35-44,1,Democrat,0,0,N,N,NA
M,65+,2,Democrat,0,0,N,N,NA
F,18-24,3,Democrat,0,0,N,N,NA
M,65+,3,Democrat,0,0,N,N,NA
F,18-24,3,Democrat,0,0,N,Y,Email
M,65+,3,Democrat,0,0,N,N,NA
M,65+,2,Other,0,0,N,N,NA
M,18-24,1,Democrat,0,0,N,N,NA
M,55-64,3,Independent,0,0,N,N,NA
F,65+,2,Democrat,0,0,N,N,NA
F,65+,2,Democrat,0,0,N,N,NA
F,65+,1,Democrat,0,0,N,N,NA
F,35-44,2,Other,0,0,N,N,NA
F,25-34,2,Democrat,0,0,N,N,NA
F,18-24,3,Independent,0,0,N,N,NA
M,25-34,2,Independent,0,0,N,N,NA
F,65+,2,Democrat,0,0,N,N,NA
F,35-44,1,Democrat,0,0,N,Y,Email
M,65+,3,Democrat,0,0,N,N,NA
F,35-44,2,Independent,0,0,N,N,NA
M,18-24,2,Democrat,0,0,N,N,NA
M,18-24,3,Democrat,0,0,N,N,NA
M,65+,3,Democrat,0,0,N,N,NA
M,65+,1,Democrat,0,0,N,N,NA
F,55-64,3,Democrat,0,0,N,N,NA
F,55-64,3,Other,0,0,N,N,NA
M,35-44,2,Other,0,0,N,N,NA
F,18-24,1,Democrat,1,19,N,N,NA
M,18-24,2,Democrat,0,0,N,N,NA
M,65+,1,Democrat,1,17,N,N,NA
M,25-34,1,Democrat,1,26,N,N,NA
M,35-44,3,Democrat,0,0,N,N,NA
M,65+,1,Democrat,0,0,N,N,NA
F,18-24,3,Democrat,0,0,N,N,NA
M,45-54,2,Democrat,0,0,N,N,NA
M,25-34,1,Democrat,0,0,N,N,NA
F,55-64,2,Democrat,1,23,N,N,NA
M,65+,1,Democrat,0,0,N,N,NA
F,65+,2,Democrat,0,0,N,Y,Email
M,55-64,3,Democrat,0,0,N,N,NA
F,25-34,1,Democrat,0,0,N,N,NA
F,65+,2,Democrat,0,0,N,N,NA
F,65+,1,Democrat,0,0,N,Y,Twitter
F,35-44,1,Democrat,0,0,N,N,NA
M,65+,3,Democrat,0,0,N,N,NA
M,18-24,1,Other,0,0,N,N,NA
F,25-34,3,Democrat,0,0,N,N,NA
M,55-64,1,Democrat,0,0,N,N,NA
M,45-54,1,Democrat,0,0,N,N,NA
M,18-24,3,Democrat,0,0,N,Y,Email
F,25-34,1,Other,0,0,N,N,NA
F,65+,3,Democrat,0,0,N,N,NA
M,18-24,1,Democrat,0,0,N,Y,Email
M,18-24,2,Democrat,0,0,N,N,NA
F,25-34,2,Democrat,0,0,N,N,NA
F,25-34,1,Democrat,0,0,N,N,NA
M,45-54,2,Other,0,0,N,N,NA
F,25-34,3,Independent,0,0,N,N,NA
M,25-34,2,Democrat,0,0,N,N,NA
F,25-34,1,Democrat,0,0,N,N,NA
F,18-24,2,Democrat,1,14,N,N,NA
M,45-54,2,Democrat,0,0,N,N,NA
M,65+,3,Democrat,0,0,N,N,NA
F,25-34,1,Democrat,0,0,N,N,NA
F,18-24,2,Democrat,0,0,N,N,NA
M,65+,3,Independent,0,0,N,N,NA
F,18-24,3,Democrat,0,0,N,N,NA
F,55-64,2,Other,0,0,N,N,NA
F,45-54,1,Other,0,0,N,N,NA
F,65+,2,Democrat,0,0,N,N,NA
F,65+,1,Democrat,0,0,N,N,NA
F,55-64,1,Democrat,0,0,N,N,NA
M,18-24,2,Democrat,0,0,N,N,NA
F,55-64,2,Democrat,0,0,N,N,NA
M,25-34,1,Democrat,0,0,N,N,NA
M,65+,2,Democrat,0,0,N,N,NA
F,25-34,2,Democrat,0,0,Y,N,NA
M,35-44,2,Democrat,0,0,N,N,NA
F,18-24,1,Democrat,0,0,N,N,NA
M,35-44,2,Democrat,0,0,N,Y,Email
F,65+,3,Other,0,0,N,N,NA
M,25-34,3,Democrat,0,0,N,N,NA
M,65+,3,Independent,0,0,N,N,NA
M,55-64,2,Democrat,0,0,N,N,NA
F,65+,2,Democrat,1,20,N,N,NA
M,35-44,1,Democrat,0,0,N,N,NA
M,18-24,1,Other,0,0,N,N,NA
M,25-34,1,Democrat,0,0,N,N,NA
F,65+,2,Democrat,0,0,N,N,NA
M,35-44,1,Democrat,0,0,N,N,NA
M,65+,3,Democrat,0,0,N,N,NA
F,55-64,2,Democrat,0,0,N,N,NA
M,18-24,3,Democrat,0,0,N,N,NA
M,18-24,2,Democrat,0,0,N,N,NA
F,45-54,1,Democrat,0,0,N,N,NA
M,25-34,1,Democrat,0,0,N,N,NA
M,25-34,2,Democrat,0,0,N,N,NA
M,25-34,2,Democrat,0,0,N,N,NA
M,35-44,2,Democrat,0,0,N,N,NA
M,45-54,1,Democrat,0,0,N,Y,Twitter
M,65+,3,Democrat,1,41,N,N,NA
M,65+,1,Independent,0,0,N,N,NA
M,45-54,2,Democrat,0,0,N,N,NA
M,45-54,3,Democrat,0,0,N,N,NA
F,35-44,3,Democrat,0,0,N,N,NA
F,65+,1,Democrat,0,0,N,Y,Twitter
F,18-24,2,Democrat,0,0,N,N,NA
M,45-54,2,Democrat,0,0,N,N,NA
M,18-24,3,Democrat,0,0,N,N,NA
F,65+,1,Independent,0,0,N,N,NA
F,35-44,1,Other,0,0,N,N,NA
F,65+,1,Democrat,0,0,N,N,NA
M,25-34,1,Democrat,0,0,Y,N,NA
F,25-34,1,Democrat,1,26,N,N,NA
M,25-34,1,Democrat,0,0,N,N,NA
F,25-34,2,Independent,0,0,N,N,NA
F,18-24,3,Other,1,31,N,N,NA
F,45-54,1,Democrat,0,0,N,N,NA
M,55-64,1,Democrat,0,0,N,N,NA
F,18-24,3,Democrat,0,0,N,N,NA
F,25-34,3,Democrat,0,0,N,Y,Twitter
M,25-34,1,Democrat,0,0,N,N,NA
F,18-24,2,Democrat,0,0,N,N,NA
M,65+,3,Democrat,0,0,N,N,NA
F,55-64,3,Democrat,0,0,N,N,NA
F,65+,2,Other,1,21,N,N,NA
F,65+,2,Democrat,0,0,N,Y,Twitter
M,55-64,1,Democrat,0,0,Y,Y,Email
F,18-24,2,Democrat,0,0,N,N,NA
M,65+,2,Democrat,0,0,N,N,NA
F,65+,2,Democrat,0,0,N,N,NA
F,18-24,2,Democrat,0,0,N,N,NA
F,65+,1,Independent,0,0,N,N,NA
F,18-24,2,Independent,0,0,N,N,NA
M,65+,1,Democrat,0,0,N,N,NA
M,18-24,1,Democrat,1,21,N,N,NA
M,55-64,1,Independent,1,22,N,N,NA
M,18-24,3,Democrat,0,0,N,N,NA
F,18-24,1,Democrat,0,0,N,N,NA
M,45-54,1,Democrat,0,0,N,N,NA
M,65+,3,Democrat,0,0,N,N,NA
M,65+,1,Democrat,0,0,N,N,NA
F,35-44,2,Democrat,0,0,N,N,NA
F,25-34,1,Democrat,0,0,N,N,NA
F,45-54,2,Democrat,0,0,N,N,NA
M,65+,1,Other,0,0,N,N,NA
M,35-44,1,Democrat,0,0,N,N,NA
F,65+,1,Other,0,0,N,N,NA
F,65+,2,Democrat,0,0,N,N,NA
M,25-34,2,Democrat,0,0,N,N,NA
F,18-24,1,Democrat,0,0,N,N,NA
M,55-64,2,Other,0,0,N,N,NA
F,18-24,2,Democrat,0,0,N,N,NA
M,65+,3,Democrat,0,0,N,N,NA
F,18-24,2,Democrat,0,0,N,N,NA
F,65+,3,Democrat,0,0,N,N,NA
M,35-44,2,Democrat,0,0,N,N,NA
F,18-24,1,Democrat,0,0,N,N,NA
F,25-34,2,Democrat,0,0,N,N,NA
M,25-34,3,Other,0,0,N,N,NA
M,18-24,1,Independent,0,0,N,N,NA
F,65+,3,Democrat,0,0,N,N,NA
M,45-54,1,Democrat,0,0,N,N,NA
M,25-34,3,Democrat,0,0,N,N,NA
M,25-34,2,Democrat,0,0,N,N,NA
M,18-24,2,Democrat,0,0,N,N,NA
F,45-54,2,Independent,0,0,N,N,NA
F,65+,3,Other,0,0,N,Y,Email
M,25-34,2,Democrat,0,0,N,N,NA
M,65+,1,Democrat,0,0,N,N,NA
F,25-34,3,Independent,0,0,N,N,NA
F,65+,2,Democrat,0,0,N,N,NA
F,65+,2,Democrat,0,0,N,N,NA
F,65+,1,Independent,0,0,N,N,NA
F,18-24,3,Democrat,0,0,N,N,NA
M,65+,2,Democrat,0,0,N,N,NA
M,18-24,3,Democrat,0,0,N,N,NA
F,35-44,2,Democrat,0,0,N,N,NA
M,18-24,2,Democrat,0,0,N,N,NA
M,45-54,3,Independent,0,0,N,N,NA
M,65+,1,Independent,0,0,N,N,NA
M,65+,3,Democrat,0,0,N,N,NA
M,18-24,1,Democrat,0,0,N,N,NA
M,25-34,3,Democrat,0,0,N,N,NA
M,18-24,2,Democrat,1,17,N,N,NA
F,18-24,3,Democrat,0,0,N,N,NA
F,55-64,1,Democrat,0,0,N,Y,Twitter
M,25-34,1,Democrat,0,0,N,N,NA
M,65+,3,Democrat,0,0,N,N,NA
M,45-54,1,Democrat,0,0,N,Y,Twitter
F,55-64,3,Other,0,0,N,N,NA
M,45-54,1,Democrat,0,0,N,N,NA
M,65+,1,Democrat,0,0,N,N,NA
F,25-34,2,Democrat,0,0,N,N,NA
F,18-24,2,Democrat,0,0,N,N,NA
M,18-24,2,Democrat,0,0,N,N,NA
F,55-64,1,Democrat,0,0,N,N,NA
F,55-64,3,Democrat,0,0,N,N,NA
M,18-24,3,Democrat,0,0,N,N,NA
F,25-34,3,Democrat,0,0,N,N,NA
F,65+,1,Democrat,0,0,N,N,NA
M,35-44,2,Democrat,0,0,N,N,NA
M,65+,3,Democrat,0,0,N,N,NA
F,25-34,1,Democrat,1,23,N,N,NA
F,65+,2,Democrat,0,0,N,N,NA
M,55-64,1,Democrat,1,24,N,N,NA
M,25-34,1,Democrat,0,0,N,N,NA
M,35-44,2,Democrat,0,0,N,N,NA
M,18-24,1,Democrat,0,0,N,N,NA
F,18-24,3,Independent,0,0,N,N,NA
M,65+,3,Democrat,0,0,N,N,NA
F,65+,3,Democrat,1,33,N,N,NA
M,65+,2,Democrat,0,0,N,N,NA
F,35-44,2,Democrat,0,0,N,N,NA
F,18-24,1,Democrat,0,0,N,N,NA
F,45-54,2,Democrat,0,0,N,N,NA
M,65+,3,Independent,0,0,N,N,NA
M,35-44,1,Democrat,0,0,N,N,NA
F,55-64,2,Democrat,0,0,N,N,NA
M,45-54,1,Independent,0,0,N,N,NA
M,35-44,2,Independent,1,13,N,N,NA
M,25-34,2,Democrat,0,0,N,N,NA
M,25-34,3,Independent,0,0,N,N,NA
M,65+,3,Democrat,0,0,N,N,NA
F,18-24,2,Other,0,0,N,N,NA
M,55-64,1,Democrat,0,0,N,N,NA
M,18-24,2,Democrat,0,0,N,N,NA
M,25-34,2,Democrat,0,0,N,N,NA
F,35-44,2,Democrat,0,0,N,N,NA
M,18-24,2,Democrat,0,0,N,N,NA
M,18-24,1,Democrat,0,0,N,N,NA
F,25-34,3,Democrat,0,0,N,N,NA
F,35-44,3,Democrat,0,0,N,N,NA
F,35-44,3,Independent,0,0,N,Y,Email
M,18-24,1,Independent,0,0,N,N,NA
M,18-24,1,Independent,0,0,N,N,NA
F,25-34,2,Democrat,0,0,N,N,NA
M,65+,3,Democrat,0,0,N,N,NA
M,65+,3,Democrat,0,0,N,N,NA
M,25-34,3,Democrat,0,0,N,N,NA
M,65+,3,Democrat,0,0,N,N,NA
M,35-44,3,Democrat,0,0,N,N,NA
M,65+,2,Other,0,0,N,N,NA
F,45-54,2,Democrat,0,0,N,N,NA
M,35-44,3,Democrat,0,0,N,N,NA
F,65+,3,Democrat,0,0,N,N,NA
F,45-54,3,Democrat,0,0,N,N,NA
F,35-44,2,Other,0,0,N,N,NA
M,65+,3,Independent,0,0,N,N,NA
F,25-34,3,Democrat,0,0,Y,N,NA
F,25-34,3,Democrat,0,0,N,N,NA
F,65+,3,Other,0,0,N,N,NA
F,25-34,3,Democrat,0,0,N,N,NA
F,18-24,1,Independent,0,0,N,N,NA
M,35-44,1,Democrat,0,0,N,N,NA
M,18-24,2,Democrat,0,0,N,N,NA
F,25-34,2,Democrat,0,0,N,N,NA
F,18-24,3,Independent,0,0,N,N,NA
M,65+,2,Democrat,0,0,N,N,NA
F,35-44,1,Democrat,0,0,N,N,NA
F,55-64,2,Democrat,0,0,N,N,NA
F,55-64,3,Democrat,0,0,N,N,NA
F,25-34,1,Democrat,0,0,N,N,NA
F,25-34,1,Other,0,0,N,N,NA
M,65+,2,Democrat,0,0,N,N,NA
F,45-54,3,Democrat,1,30,N,N,NA
M,65+,3,Democrat,0,0,N,N,NA
F,65+,3,Independent,0,0,N,N,NA
F,18-24,3,Democrat,0,0,N,N,NA
M,25-34,3,Democrat,0,0,N,Y,Email
F,65+,3,Democrat,0,0,N,N,NA
M,35-44,2,Independent,0,0,N,N,NA
F,55-64,3,Democrat,0,0,N,N,NA
M,65+,2,Independent,0,0,N,N,NA
M,25-34,2,Democrat,0,0,N,N,NA
M,45-54,2,Other,0,0,N,N,NA
M,55-64,1,Independent,0,0,N,N,NA
M,35-44,3,Democrat,0,0,N,N,NA
F,65+,2,Democrat,0,0,N,N,NA
M,25-34,2,Independent,0,0,N,Y,Twitter
M,65+,1,Democrat,0,0,N,N,NA
M,55-64,2,Other,0,0,N,N,NA
M,25-34,3,Democrat,0,0,N,N,NA
F,65+,1,Democrat,0,0,N,N,NA
M,25-34,1,Democrat,0,0,N,N,NA
F,65+,1,Independent,0,0,N,N,NA
M,35-44,3,Democrat,0,0,N,N,NA
M,45-54,1,Other,0,0,N,N,NA
F,55-64,2,Democrat,0,0,N,N,NA
F,65+,1,Other,0,0,N,N,NA
F,55-64,3,Democrat,1,41,N,N,NA
F,45-54,1,Democrat,0,0,N,N,NA
M,18-24,3,Democrat,0,0,N,N,NA
F,25-34,3,Democrat,0,0,N,N,NA
M,65+,2,Other,0,0,N,N,NA
F,65+,1,Independent,0,0,N,N,NA
M,25-34,2,Democrat,0,0,N,N,NA
M,25-34,3,Democrat,0,0,N,N,NA
F,45-54,2,Democrat,0,0,N,N,NA
M,65+,3,Independent,0,0,N,N,NA
F,18-24,2,Independent,0,0,N,N,NA
F,18-24,3,Independent,0,0,N,N,NA
M,25-34,2,Independent,0,0,N,N,NA
F,55-64,2,Democrat,0,0,N,N,NA
M,35-44,2,Democrat,0,0,N,N,NA
F,25-34,1,Democrat,0,0,N,N,NA
M,55-64,3,Independent,0,0,N,N,NA
M,35-44,2,Independent,0,0,N,N,NA
M,65+,3,Democrat,0,0,N,N,NA
F,35-44,2,Democrat,0,0,N,N,NA
F,65+,1,Democrat,1,23,N,N,NA
M,35-44,3,Democrat,0,0,N,N,NA
F,25-34,2,Democrat,0,0,N,N,NA
F,65+,3,Independent,0,0,N,N,NA
M,45-54,2,Democrat,0,0,N,N,NA
M,65+,3,Democrat,0,0,N,N,NA
F,25-34,3,Democrat,0,0,N,N,NA
F,18-24,2,Independent,0,0,N,N,NA
M,35-44,1,Democrat,0,0,N,Y,Twitter
F,65+,2,Democrat,0,0,N,N,NA
F,45-54,3,Democrat,0,0,N,N,NA
M,55-64,3,Other,0,0,N,N,NA
F,55-64,3,Democrat,0,0,N,N,NA
M,18-24,3,Democrat,0,0,N,N,NA
M,65+,2,Other,0,0,N,Y,Twitter
F,45-54,1,Independent,0,0,N,N,NA
F,65+,3,Other,0,0,N,N,NA
M,55-64,1,Independent,0,0,N,N,NA
F,18-24,3,Independent,0,0,N,N,NA
F,35-44,1,Democrat,0,0,N,N,NA
M,65+,3,Independent,0,0,N,N,NA
F,65+,1,Independent,1,18,N,N,NA
F,65+,1,Democrat,0,0,N,N,NA
F,35-44,1,Democrat,0,0,N,N,NA
M,25-34,1,Democrat,1,22,N,N,NA
M,25-34,3,Democrat,0,0,N,N,NA
F,18-24,1,Democrat,0,0,N,N,NA
F,65+,1,Democrat,0,0,N,N,NA
F,45-54,2,Democrat,0,0,N,N,NA
M,25-34,1,Democrat,0,0,N,N,NA
M,65+,3,Democrat,0,0,N,N,NA
F,25-34,1,Democrat,0,0,N,N,NA
F,65+,3,Democrat,0,0,N,N,NA
M,25-34,1,Democrat,0,0,N,N,NA
M,65+,3,Democrat,0,0,N,N,NA
F,25-34,2,Democrat,0,0,N,N,NA
F,65+,2,Democrat,0,0,N,N,NA
M,25-34,3,Democrat,0,0,N,N,NA
F,25-34,3,Democrat,0,0,N,N,NA
F,35-44,1,Democrat,0,0,N,N,NA
F,35-44,2,Democrat,0,0,N,N,NA
F,25-34,3,Democrat,0,0,N,N,NA
M,55-64,2,Democrat,0,0,N,N,NA
F,25-34,1,Democrat,0,0,N,N,NA
F,45-54,3,Independent,0,0,N,N,NA
M,18-24,2,Democrat,0,0,N,N,NA
F,65+,1,Democrat,0,0,N,N,NA
M,55-64,1,Democrat,0,0,N,N,NA
M,65+,3,Democrat,0,0,N,N,NA
M,65+,1,Democrat,0,0,N,N,NA
F,55-64,2,Democrat,0,0,N,N,NA
F,45-54,1,Democrat,0,0,N,N,NA
M,18-24,3,Democrat,0,0,N,N,NA
M,18-24,1,Democrat,0,0,N,N,NA
F,55-64,3,Democrat,0,0,N,N,NA
F,55-64,3,Independent,0,0,N,N,NA
F,55-64,1,Independent,0,0,N,N,NA
F,35-44,3,Independent,0,0,N,N,NA
F,35-44,3,Democrat,0,0,N,N,NA
M,65+,3,Independent,1,21,N,N,NA
F,25-34,2,Democrat,0,0,N,N,NA
F,25-34,1,Democrat,0,0,N,N,NA
F,18-24,2,Democrat,0,0,N,N,NA
F,65+,2,Democrat,0,0,N,N,NA
M,25-34,3,Democrat,0,0,N,Y,Email
F,65+,2,Democrat,0,0,N,N,NA
F,25-34,2,Other,0,0,N,N,NA
M,45-54,1,Democrat,0,0,N,N,NA
M,65+,2,Democrat,0,0,N,N,NA
F,35-44,2,Independent,0,0,N,N,NA
F,25-34,2,Democrat,0,0,N,N,NA
F,65+,1,Democrat,0,0,N,N,NA
F,25-34,3,Other,0,0,N,Y,Email
M,35-44,1,Other,0,0,N,N,NA
M,25-34,2,Independent,0,0,N,N,NA
F,65+,3,Democrat,0,0,N,Y,Email
M,25-34,1,Democrat,0,0,Y,N,NA
M,55-64,3,Democrat,0,0,N,N,NA
M,65+,3,Democrat,0,0,N,N,NA
M,25-34,2,Democrat,0,0,N,N,NA
F,18-24,1,Democrat,0,0,N,Y,Twitter
M,18-24,1,Democrat,0,0,N,N,NA
M,25-34,2,Democrat,0,0,N,N,NA
F,65+,3,Democrat,0,0,N,N,NA
F,45-54,2,Democrat,0,0,N,N,NA
F,35-44,1,Independent,0,0,N,N,NA
F,25-34,3,Democrat,0,0,N,N,NA
F,55-64,3,Democrat,0,0,N,N,NA
F,18-24,2,Democrat,0,0,Y,N,NA
M,55-64,3,Independent,0,0,N,N,NA
M,25-34,3,Democrat,0,0,N,N,NA
F,45-54,1,Democrat,0,0,N,N,NA
M,65+,1,Democrat,0,0,N,N,NA
M,18-24,2,Democrat,0,0,N,N,NA
M,55-64,2,Independent,0,0,N,N,NA
F,18-24,2,Independent,0,0,N,N,NA
F,55-64,3,Democrat,0,0,N,N,NA
F,65+,1,Democrat,0,0,N,N,NA
F,25-34,2,Independent,0,0,N,N,NA
M,65+,1,Democrat,0,0,N,N,NA
F,18-24,1,Democrat,0,0,N,N,NA
F,65+,3,Independent,0,0,N,N,NA
M,65+,1,Democrat,0,0,N,N,NA
M,25-34,3,Democrat,0,0,N,N,NA
F,25-34,3,Democrat,0,0,N,Y,Twitter
F,65+,2,Democrat,0,0,N,N,NA
F,65+,1,Democrat,0,0,N,N,NA
F,25-34,1,Democrat,0,0,N,N,NA
F,18-24,2,Democrat,0,0,N,N,NA
F,55-64,3,Democrat,0,0,N,N,NA
M,35-44,2,Other,0,0,N,N,NA
F,18-24,1,Independent,0,0,N,Y,Email
M,65+,2,Democrat,0,0,N,N,NA
F,18-24,3,Democrat,0,0,N,N,NA
F,65+,1,Democrat,0,0,N,N,NA
M,45-54,3,Democrat,0,0,N,Y,Email
F,35-44,2,Democrat,0,0,N,N,NA
F,25-34,3,Independent,0,0,N,N,NA
F,18-24,3,Democrat,0,0,N,N,NA
M,65+,2,Democrat,0,0,N,N,NA
M,18-24,2,Other,0,0,N,N,NA
F,25-34,2,Democrat,0,0,N,N,NA
F,45-54,1,Democrat,0,0,N,N,NA
F,65+,3,Independent,0,0,N,N,NA
F,35-44,1,Democrat,0,0,N,N,NA
F,18-24,2,Democrat,0,0,N,N,NA
M,65+,1,Democrat,0,0,N,N,NA
M,18-24,1,Democrat,0,0,N,N,NA
F,65+,3,Democrat,0,0,N,N,NA
F,25-34,3,Democrat,0,0,N,N,NA
F,25-34,3,Democrat,0,0,N,N,NA
M,65+,2,Democrat,0,0,N,N,NA
M,25-34,2,Democrat,0,0,N,N,NA
F,45-54,3,Democrat,0,0,N,N,NA
M,65+,2,Other,0,0,N,N,NA
M,65+,3,Other,0,0,N,N,NA
M,55-64,3,Democrat,0,0,N,N,NA
M,25-34,2,Democrat,0,0,N,N,NA
F,35-44,3,Democrat,0,0,N,N,NA
M,25-34,1,Democrat,0,0,N,N,NA
M,65+,2,Democrat,0,0,N,Y,Twitter
F,35-44,1,Democrat,0,0,N,N,NA
M,65+,2,Other,0,0,N,N,NA
M,25-34,2,Democrat,0,0,N,N,NA
F,55-64,2,Democrat,0,0,N,N,NA
M,18-24,2,Democrat,0,0,N,N,NA
M,35-44,3,Democrat,0,0,N,N,NA
M,18-24,3,Democrat,0,0,N,N,NA
M,45-54,3,Other,0,0,N,N,NA
M,25-34,3,Democrat,1,38,N,N,NA
F,25-34,3,Other,0,0,N,N,NA
M,65+,3,Democrat,0,0,N,N,NA
F,25-34,1,Democrat,1,21,N,N,NA
F,25-34,1,Independent,0,0,N,N,NA
M,65+,3,Democrat,0,0,N,N,NA
M,45-54,1,Independent,0,0,N,N,NA
F,65+,1,Democrat,0,0,N,N,NA
F,25-34,3,Democrat,0,0,N,N,NA
M,45-54,2,Democrat,0,0,N,N,NA
M,25-34,1,Democrat,0,0,N,N,NA
M,25-34,1,Independent,0,0,N,N,NA
F,35-44,3,Democrat,0,0,N,N,NA
M,25-34,3,Democrat,0,0,N,N,NA
M,65+,2,Other,0,0,N,N,NA
M,65+,3,Democrat,0,0,N,N,NA
M,18-24,2,Democrat,0,0,N,N,NA
F,18-24,2,Democrat,0,0,N,N,NA
M,45-54,1,Democrat,0,0,N,N,NA
M,65+,3,Democrat,0,0,N,N,NA
M,25-34,1,Democrat,0,0,N,N,NA
F,18-24,1,Democrat,0,0,N,N,NA
F,65+,3,Democrat,1,40,N,N,NA
M,35-44,1,Democrat,0,0,N,N,NA
M,25-34,1,Democrat,0,0,Y,N,NA
F,65+,3,Independent,0,0,N,N,NA
F,35-44,3,Independent,0,0,N,N,NA
F,45-54,1,Democrat,1,17,N,N,NA
M,65+,1,Other,0,0,N,N,NA
F,65+,3,Democrat,0,0,N,N,NA
F,55-64,3,Independent,0,0,N,N,NA
F,35-44,3,Democrat,0,0,N,N,NA
M,35-44,1,Democrat,0,0,N,N,NA
M,25-34,1,Independent,0,0,N,N,NA
M,65+,2,Democrat,0,0,N,N,NA
M,18-24,1,Other,0,0,N,N,NA
F,18-24,3,Democrat,0,0,N,N,NA
F,25-34,2,Democrat,0,0,N,N,NA
M,35-44,2,Democrat,0,0,N,N,NA
M,18-24,3,Democrat,0,0,N,Y,Twitter
F,18-24,2,Democrat,0,0,N,N,NA
M,65+,2,Democrat,0,0,N,N,NA
M,45-54,1,Independent,0,0,Y,N,NA
F,55-64,2,Democrat,0,0,N,N,NA
M,65+,2,Independent,0,0,N,N,NA
M,65+,3,Democrat,0,0,N,N,NA
F,18-24,1,Democrat,0,0,N,N,NA
F,45-54,2,Democrat,0,0,N,N,NA
M,55-64,2,Democrat,0,0,N,N,NA
F,25-34,2,Independent,0,0,N,N,NA
F,18-24,1,Other,0,0,N,N,NA
M,45-54,3,Independent,0,0,N,N,NA
F,35-44,1,Democrat,0,0,N,N,NA
F,55-64,3,Democrat,0,0,N,N,NA
M,18-24,3,Independent,0,0,N,N,NA
F,65+,2,Democrat,0,0,N,N,NA
M,35-44,1,Other,0,0,N,N,NA
M,18-24,3,Democrat,0,0,N,N,NA
F,45-54,2,Democrat,0,0,N,N,NA
M,65+,3,Democrat,0,0,N,N,NA
M,65+,1,Other,0,0,N,N,NA
M,45-54,2,Democrat,0,0,N,N,NA
M,65+,2,Democrat,0,0,N,N,NA
M,18-24,3,Democrat,0,0,N,Y,Twitter
M,25-34,1,Other,0,0,N,N,NA
M,25-34,2,Other,0,0,N,N,NA
M,18-24,3,Democrat,1,28,N,N,NA
M,25-34,3,Democrat,0,0,N,N,NA
F,25-34,2,Democrat,0,0,N,N,NA
F,65+,3,Independent,0,0,N,N,NA
M,25-34,3,Democrat,0,0,N,N,NA
M,25-34,2,Independent,0,0,N,N,NA
F,65+,1,Democrat,0,0,N,N,NA
M,65+,2,Independent,0,0,N,N,NA
F,55-64,1,Democrat,0,0,N,N,NA
F,65+,1,Independent,1,33,N,N,NA
M,35-44,3,Other,0,0,N,N,NA
M,65+,3,Democrat,0,0,N,N,NA
F,25-34,1,Independent,0,0,N,N,NA
F,18-24,1,Independent,0,0,N,N,NA
F,65+,3,Democrat,0,0,N,N,NA
F,55-64,2,Democrat,0,0,N,N,NA
F,25-34,3,Democrat,0,0,N,N,NA
F,55-64,1,Democrat,0,0,N,N,NA
M,18-24,3,Democrat,0,0,N,N,NA
F,45-54,3,Democrat,0,0,N,N,NA
F,18-24,2,Democrat,0,0,N,N,NA
F,25-34,1,Democrat,0,0,N,N,NA
M,35-44,2,Democrat,0,0,N,N,NA
M,18-24,3,Democrat,0,0,N,N,NA
F,65+,3,Democrat,0,0,N,N,NA
M,65+,3,Democrat,0,0,N,N,NA
M,55-64,1,Independent,0,0,N,N,NA
F,35-44,1,Other,0,0,N,N,NA
M,25-34,1,Democrat,0,0,N,N,NA
F,35-44,2,Democrat,0,0,N,N,NA
F,35-44,2,Democrat,0,0,N,N,NA
M,25-34,1,Democrat,1,26,Y,N,NA
M,18-24,2,Democrat,1,18,N,N,NA
F,25-34,3,Democrat,0,0,N,N,NA
F,18-24,1,Democrat,0,0,N,N,NA
F,65+,3,Other,0,0,N,N,NA
M,65+,1,Democrat,0,0,N,N,NA
F,55-64,3,Democrat,0,0,N,N,NA
M,55-64,2,Democrat,0,0,N,N,NA
F,18-24,2,Democrat,0,0,N,Y,Twitter
M,65+,3,Democrat,0,0,N,N,NA
F,18-24,1,Democrat,0,0,N,N,NA
F,18-24,2,Democrat,0,0,N,N,NA
F,65+,3,Democrat,0,0,N,N,NA
M,18-24,3,Other,1,21,N,Y,Email
M,25-34,3,Democrat,0,0,N,N,NA
M,65+,2,Democrat,0,0,N,N,NA
F,18-24,3,Democrat,0,0,N,N,NA
F,65+,3,Democrat,0,0,N,N,NA
F,55-64,1,Democrat,0,0,N,N,NA
F,65+,2,Independent,0,0,N,N,NA
M,25-34,3,Independent,0,0,N,N,NA
M,45-54,1,Democrat,0,0,N,N,NA
M,65+,2,Democrat,0,0,N,N,NA
F,55-64,1,Democrat,0,0,N,N,NA
F,18-24,3,Democrat,0,0,N,N,NA
F,55-64,2,Independent,0,0,N,N,NA
F,65+,3,Democrat,0,0,N,N,NA
M,45-54,2,Democrat,0,0,N,N,NA
F,18-24,1,Democrat,0,0,N,N,NA
F,25-34,3,Democrat,0,0,N,N,NA
M,65+,3,Democrat,0,0,N,N,NA
M,18-24,2,Democrat,1,17,N,N,NA
F,65+,2,Democrat,0,0,N,N,NA
M,25-34,3,Independent,0,0,N,N,NA
F,45-54,2,Democrat,0,0,N,Y,Email
M,25-34,3,Democrat,0,0,N,N,NA
M,35-44,3,Independent,0,0,N,N,NA
F,65+,3,Democrat,0,0,N,Y,Email
M,35-44,3,Democrat,0,0,N,N,NA
M,65+,3,Democrat,0,0,Y,N,NA
F,18-24,3,Democrat,0,0,N,N,NA
F,65+,1,Democrat,0,0,N,N,NA
M,65+,1,Democrat,0,0,N,N,NA
M,65+,3,Democrat,0,0,N,Y,Email
M,65+,3,Democrat,0,0,N,N,NA
M,65+,2,Democrat,0,0,N,N,NA
M,55-64,2,Democrat,0,0,N,N,NA
M,18-24,3,Democrat,0,0,N,Y,Twitter
F,65+,2,Democrat,0,0,N,Y,Email
F,18-24,2,Independent,0,0,N,N,NA
M,45-54,3,Democrat,0,0,N,N,NA
F,18-24,3,Democrat,0,0,N,N,NA
M,25-34,2,Independent,0,0,N,Y,Email
M,65+,2,Independent,0,0,N,N,NA
F,18-24,1,Democrat,0,0,N,N,NA
F,65+,1,Democrat,0,0,N,N,NA
F,25-34,3,Democrat,0,0,N,N,NA
F,18-24,3,Democrat,0,0,N,N,NA
F,55-64,2,Independent,0,0,N,N,NA
M,25-34,3,Independent,0,0,N,N,NA
F,55-64,1,Democrat,0,0,N,N,NA
M,55-64,1,Democrat,0,0,Y,N,NA
M,65+,3,Independent,0,0,N,N,NA
M,35-44,3,Democrat,0,0,N,N,NA
M,65+,1,Democrat,0,0,N,N,NA
F,35-44,2,Democrat,1,23,N,N,NA
F,18-24,2,Independent,0,0,N,N,NA
F,25-34,1,Democrat,0,0,N,N,NA
F,25-34,1,Democrat,0,0,N,N,NA
M,55-64,3,Democrat,0,0,N,N,NA
F,65+,2,Independent,0,0,N,Y,Email
F,65+,3,Independent,0,0,N,N,NA
F,65+,2,Democrat,0,0,N,N,NA
M,18-24,2,Democrat,0,0,N,N,NA
F,18-24,2,Democrat,0,0,N,N,NA
M,65+,2,Democrat,0,0,N,N,NA
F,35-44,2,Democrat,0,0,N,N,NA
M,35-44,3,Democrat,0,0,N,N,NA
M,65+,3,Democrat,0,0,N,N,NA
M,18-24,2,Other,0,0,N,N,NA
M,18-24,3,Democrat,0,0,N,N,NA
F,35-44,2,Democrat,0,0,N,N,NA
M,65+,1,Democrat,0,0,N,N,NA
M,55-64,2,Democrat,0,0,N,Y,Twitter
M,25-34,1,Independent,0,0,N,N,NA
F,65+,1,Democrat,0,0,N,N,NA
M,55-64,1,Independent,0,0,N,N,NA
M,65+,1,Democrat,0,0,N,N,NA
F,25-34,2,Independent,0,0,N,Y,Email
F,25-34,3,Democrat,0,0,N,N,NA
M,55-64,2,Democrat,0,0,N,N,NA
M,25-34,3,Democrat,0,0,Y,N,NA
F,25-34,2,Democrat,1,21,Y,N,NA
M,65+,1,Democrat,0,0,N,N,NA
F,45-54,3,Democrat,0,0,N,N,NA
M,65+,3,Independent,0,0,N,N,NA
M,65+,2,Independent,0,0,N,N,NA
F,65+,3,Independent,0,0,N,N,NA
M,55-64,2,Independent,0,0,N,Y,Twitter
F,55-64,2,Democrat,0,0,N,N,NA
M,65+,3,Other,0,0,N,N,NA
M,65+,1,Democrat,0,0,N,N,NA
F,55-64,1,Democrat,0,0,Y,N,NA
M,25-34,1,Democrat,0,0,N,N,NA
M,65+,2,Democrat,0,0,N,N,NA
M,45-54,1,Other,0,0,N,N,NA
M,35-44,1,Democrat,0,0,N,N,NA
F,18-24,3,Democrat,0,0,N,N,NA
M,55-64,1,Independent,0,0,N,N,NA
F,45-54,1,Democrat,0,0,N,N,NA
M,18-24,1,Independent,0,0,N,N,NA
M,25-34,1,Other,0,0,N,N,NA
F,55-64,3,Democrat,0,0,N,N,NA
F,65+,2,Democrat,0,0,N,N,NA
F,35-44,3,Democrat,0,0,N,N,NA
F,35-44,2,Democrat,0,0,N,N,NA
M,18-24,2,Democrat,1,30,N,N,NA
M,25-34,3,Democrat,0,0,N,N,NA
M,45-54,1,Democrat,0,0,N,N,NA
F,35-44,3,Democrat,0,0,N,N,NA
F,25-34,1,Democrat,0,0,N,N,NA
F,35-44,1,Democrat,0,0,N,Y,Email
M,18-24,3,Democrat,0,0,N,Y,Twitter
F,18-24,1,Democrat,0,0,N,N,NA
F,65+,1,Democrat,0,0,N,Y,Email
M,65+,1,Independent,0,0,N,N,NA
F,65+,2,Independent,0,0,N,N,NA
M,55-64,1,Democrat,0,0,N,N,NA
F,35-44,2,Democrat,1,23,N,N,NA
F,25-34,3,Democrat,0,0,N,N,NA
F,35-44,2,Democrat,1,16,N,N,NA
M,65+,1,Democrat,0,0,N,N,NA
M,65+,2,Democrat,0,0,N,N,NA
F,25-34,3,Independent,0,0,N,N,NA
M,18-24,2,Democrat,0,0,N,N,NA
F,35-44,3,Democrat,0,0,N,N,NA
F,18-24,2,Democrat,0,0,N,N,NA
M,18-24,3,Democrat,0,0,N,N,NA
M,55-64,3,Democrat,0,0,N,N,NA
M,25-34,3,Other,0,0,N,N,NA
M,35-44,3,Independent,0,0,N,N,NA
F,65+,2,Democrat,0,0,N,N,NA
M,55-64,3,Democrat,0,0,N,N,NA
F,35-44,3,Democrat,0,0,N,N,NA
F,18-24,2,Democrat,1,27,N,N,NA
M,18-24,1,Democrat,0,0,N,N,NA
F,18-24,2,Other,0,0,N,N,NA
F,65+,3,Democrat,0,0,N,N,NA
M,18-24,1,Democrat,0,0,N,N,NA
F,35-44,2,Democrat,0,0,N,Y,Twitter
F,65+,3,Democrat,0,0,N,N,NA
F,18-24,1,Independent,0,0,N,N,NA
M,18-24,2,Independent,0,0,N,N,NA
M,65+,3,Democrat,0,0,N,N,NA
F,18-24,1,Democrat,0,0,N,N,NA
F,25-34,3,Independent,0,0,N,N,NA
M,18-24,3,Democrat,0,0,N,N,NA
M,55-64,1,Independent,0,0,N,N,NA
F,18-24,2,Democrat,0,0,N,N,NA
F,25-34,3,Democrat,0,0,N,N,NA
F,25-34,2,Democrat,0,0,N,N,NA
F,35-44,2,Democrat,0,0,N,N,NA
F,65+,3,Democrat,0,0,N,N,NA
M,35-44,2,Democrat,1,24,N,N,NA
M,65+,1,Independent,0,0,N,N,NA
F,35-44,1,Independent,0,0,N,N,NA
M,25-34,3,Democrat,0,0,N,N,NA
F,25-34,3,Other,0,0,N,N,NA
F,25-34,1,Independent,0,0,N,N,NA
M,55-64,2,Democrat,0,0,N,N,NA
M,25-34,2,Democrat,0,0,N,N,NA
F,25-34,2,Independent,0,0,N,N,NA
M,25-34,3,Independent,0,0,N,N,NA
F,65+,1,Democrat,0,0,N,N,NA
M,65+,3,Independent,0,0,N,N,NA
F,35-44,3,Democrat,0,0,N,Y,Email
F,35-44,3,Independent,0,0,N,N,NA
M,45-54,2,Other,0,0,N,N,NA
M,18-24,3,Independent,0,0,N,N,NA
M,25-34,3,Other,0,0,N,N,NA
M,25-34,1,Democrat,0,0,N,Y,Email
F,65+,2,Other,0,0,N,N,NA
F,65+,2,Democrat,0,0,N,N,NA
M,25-34,3,Democrat,0,0,N,N,NA
F,35-44,1,Democrat,0,0,N,N,NA
F,18-24,2,Democrat,0,0,N,N,NA
M,18-24,1,Other,0,0,N,N,NA
F,65+,3,Democrat,0,0,N,N,NA
F,65+,2,Independent,0,0,N,N,NA
F,25-34,3,Other,0,0,N,N,NA
M,25-34,2,Democrat,0,0,N,N,NA
F,55-64,3,Independent,1,24,N,N,NA
M,25-34,1,Independent,0,0,N,N,NA
M,35-44,2,Democrat,0,0,N,N,NA
F,65+,1,Democrat,1,25,N,N,NA
M,45-54,2,Independent,0,0,N,N,NA
F,18-24,3,Democrat,0,0,N,N,NA
M,55-64,2,Democrat,0,0,N,N,NA
M,65+,1,Democrat,0,0,N,N,NA
F,65+,3,Democrat,0,0,N,N,NA
F,18-24,2,Other,0,0,N,N,NA
F,25-34,1,Democrat,0,0,N,N,NA
F,25-34,3,Democrat,0,0,N,N,NA
M,45-54,1,Other,0,0,N,N,NA
M,55-64,1,Democrat,0,0,N,N,NA
F,65+,3,Democrat,0,0,N,N,NA
M,35-44,2,Democrat,0,0,N,N,NA
M,55-64,2,Democrat,0,0,N,N,NA
F,45-54,2,Democrat,0,0,N,N,NA
M,45-54,1,Other,1,25,N,Y,Twitter
F,65+,3,Democrat,0,0,N,N,NA
M,25-34,1,Independent,0,0,N,N,NA
M,18-24,2,Democrat,0,0,N,N,NA
M,65+,2,Democrat,0,0,N,N,NA
F,35-44,1,Democrat,0,0,N,Y,Email
M,18-24,2,Democrat,0,0,N,N,NA
F,35-44,3,Democrat,0,0,N,N,NA
F,45-54,3,Democrat,0,0,N,N,NA
M,55-64,3,Democrat,0,0,N,N,NA
M,65+,1,Independent,0,0,N,Y,Email
F,25-34,3,Democrat,0,0,N,N,NA
M,65+,2,Independent,0,0,N,N,NA
F,35-44,2,Independent,0,0,N,N,NA
F,25-34,2,Independent,0,0,N,N,NA
F,65+,3,Independent,0,0,N,N,NA
M,65+,3,Other,0,0,N,N,NA
M,18-24,2,Democrat,0,0,N,N,NA
M,55-64,1,Democrat,0,0,N,N,NA
F,25-34,1,Democrat,0,0,N,N,NA
F,55-64,3,Democrat,0,0,N,N,NA
F,25-34,3,Democrat,1,46,N,N,NA
M,65+,2,Democrat,0,0,N,N,NA
F,18-24,3,Independent,0,0,N,N,NA
M,18-24,3,Democrat,0,0,N,N,NA
F,18-24,2,Democrat,0,0,N,N,NA
F,65+,2,Democrat,0,0,N,N,NA
M,35-44,3,Democrat,0,0,N,N,NA
F,18-24,1,Democrat,0,0,N,N,NA
F,18-24,2,Other,0,0,N,N,NA
F,25-34,1,Democrat,0,0,N,N,NA
F,18-24,1,Democrat,0,0,N,N,NA
F,55-64,1,Democrat,0,0,N,N,NA
F,65+,2,Democrat,0,0,N,N,NA
M,55-64,2,Independent,0,0,N,N,NA
F,55-64,3,Democrat,0,0,N,N,NA
F,65+,1,Democrat,0,0,N,N,NA
M,45-54,1,Democrat,0,0,N,N,NA
F,65+,2,Independent,0,0,N,N,NA
F,18-24,3,Democrat,0,0,N,N,NA
M,65+,3,Democrat,0,0,N,N,NA
F,18-24,1,Democrat,0,0,N,N,NA
M,25-34,3,Democrat,0,0,N,N,NA
M,25-34,3,Independent,0,0,N,N,NA
F,35-44,1,Democrat,0,0,N,N,NA
F,65+,2,Democrat,1,22,N,Y,Twitter
F,18-24,3,Democrat,0,0,N,N,NA
F,65+,3,Democrat,0,0,N,N,NA
M,65+,1,Democrat,0,0,N,N,NA
F,65+,1,Other,0,0,N,N,NA
F,25-34,2,Democrat,0,0,N,N,NA
M,25-34,3,Democrat,0,0,N,N,NA
M,25-34,2,Democrat,0,0,N,N,NA
F,18-24,1,Democrat,0,0,N,N,NA
F,18-24,3,Democrat,0,0,N,Y,Twitter
M,65+,2,Other,0,0,N,N,NA
F,65+,1,Democrat,0,0,N,N,NA
F,35-44,1,Democrat,0,0,N,N,NA
M,35-44,1,Democrat,0,0,N,N,NA
F,18-24,3,Independent,0,0,N,N,NA
F,25-34,3,Democrat,0,0,N,N,NA
F,55-64,1,Democrat,0,0,N,N,NA
F,18-24,1,Democrat,0,0,N,N,NA
F,25-34,2,Democrat,0,0,N,Y,Twitter
M,55-64,3,Other,0,0,N,N,NA
M,25-34,2,Independent,0,0,N,N,NA
M,65+,2,Democrat,0,0,N,N,NA
F,18-24,2,Democrat,0,0,N,N,NA
F,25-34,2,Democrat,0,0,N,N,NA
M,25-34,2,Independent,0,0,N,N,NA
M,25-34,3,Democrat,0,0,N,N,NA
M,25-34,1,Independent,0,0,N,Y,Email
F,18-24,3,Democrat,0,0,N,N,NA
F,18-24,2,Democrat,0,0,N,N,NA
F,25-34,2,Democrat,0,0,N,N,NA
F,18-24,3,Democrat,0,0,N,N,NA
F,55-64,3,Democrat,0,0,N,N,NA
M,18-24,1,Democrat,0,0,N,N,NA
M,65+,1,Democrat,0,0,N,N,NA
M,55-64,2,Democrat,0,0,N,N,NA
M,45-54,2,Democrat,0,0,N,N,NA
F,18-24,2,Democrat,0,0,N,N,NA
M,65+,1,Democrat,0,0,N,N,NA
M,18-24,1,Democrat,0,0,N,N,NA
M,18-24,3,Other,0,0,N,N,NA
F,65+,1,Other,0,0,N,N,NA
M,65+,3,Democrat,0,0,N,N,NA
M,65+,1,Independent,0,0,N,N,NA
M,65+,1,Democrat,0,0,N,N,NA
F,65+,3,Democrat,0,0,N,N,NA
F,25-34,3,Independent,0,0,N,N,NA
F,65+,2,Other,0,0,N,N,NA
M,18-24,1,Democrat,0,0,N,N,NA
M,25-34,1,Democrat,0,0,N,N,NA
F,65+,1,Independent,1,26,N,N,NA
F,65+,2,Independent,0,0,N,N,NA
M,18-24,3,Democrat,0,0,N,N,NA
F,18-24,3,Democrat,0,0,N,Y,Email
M,18-24,2,Independent,0,0,N,N,NA
M,18-24,2,Democrat,0,0,N,N,NA
M,65+,3,Other,0,0,N,N,NA
M,35-44,1,Democrat,0,0,N,N,NA
M,65+,1,Other,0,0,N,N,NA
M,35-44,2,Democrat,0,0,N,N,NA
M,18-24,1,Independent,0,0,N,N,NA
M,35-44,1,Democrat,0,0,N,N,NA
F,25-34,3,Other,0,0,N,N,NA
M,25-34,2,Democrat,0,0,N,Y,Email
M,65+,1,Independent,0,0,N,N,NA
F,35-44,3,Other,0,0,N,N,NA
F,35-44,2,Democrat,0,0,N,Y,Email
M,65+,1,Democrat,0,0,N,N,NA
F,55-64,3,Democrat,0,0,Y,N,NA
F,55-64,1,Democrat,0,0,N,N,NA
F,18-24,2,Independent,0,0,N,N,NA
F,65+,2,Independent,0,0,N,N,NA
M,65+,3,Independent,0,0,N,N,NA
M,18-24,1,Democrat,0,0,N,N,NA
M,25-34,3,Democrat,0,0,N,N,NA
M,18-24,2,Independent,0,0,N,N,NA
F,45-54,1,Democrat,0,0,N,N,NA
M,35-44,2,Democrat,0,0,N,N,NA
M,65+,1,Independent,0,0,N,N,NA
M,25-34,2,Democrat,0,0,N,N,NA
M,55-64,2,Democrat,0,0,N,Y,Email
F,35-44,2,Democrat,0,0,N,N,NA
M,55-64,3,Democrat,0,0,N,N,NA
M,18-24,1,Democrat,0,0,N,N,NA
F,45-54,3,Democrat,0,0,Y,N,NA
F,65+,2,Democrat,0,0,N,N,NA
F,65+,1,Democrat,0,0,N,N,NA
M,18-24,2,Democrat,0,0,N,N,NA
F,45-54,3,Other,0,0,N,N,NA
M,25-34,2,Democrat,0,0,N,N,NA
F,18-24,1,Democrat,0,0,N,N,NA
F,65+,2,Democrat,0,0,N,N,NA
M,65+,2,Independent,0,0,N,N,NA
M,35-44,2,Democrat,1,16,N,N,NA
F,65+,1,Democrat,0,0,N,N,NA
M,65+,3,Democrat,0,0,N,N,NA
F,55-64,3,Democrat,0,0,N,N,NA
F,55-64,3,Democrat,0,0,N,N,NA
F,55-64,1,Democrat,0,0,N,N,NA
M,25-34,1,Democrat,0,0,N,N,NA
F,65+,1,Other,0,0,N,N,NA
F,25-34,3,Democrat,0,0,Y,Y,Email
M,65+,1,Democrat,0,0,N,N,NA
M,65+,2,Independent,0,0,N,N,NA
F,65+,2,Democrat,0,0,N,N,NA
M,55-64,2,Democrat,0,0,N,N,NA
F,45-54,1,Independent,0,0,N,N,NA
M,45-54,3,Democrat,0,0,N,N,NA
F,25-34,2,Democrat,0,0,N,N,NA
F,25-34,3,Democrat,0,0,N,N,NA
F,25-34,3,Other,0,0,N,N,NA
F,65+,1,Democrat,0,0,N,N,NA
M,55-64,1,Democrat,0,0,N,N,NA
M,25-34,3,Democrat,0,0,N,N,NA
M,55-64,1,Democrat,0,0,N,N,NA
F,35-44,2,Democrat,0,0,N,N,NA
F,65+,1,Democrat,0,0,N,N,NA
F,18-24,3,Independent,0,0,N,N,NA
F,45-54,3,Independent,1,21,N,N,NA
M,65+,2,Independent,0,0,N,N,NA
M,18-24,3,Democrat,0,0,N,N,NA
F,35-44,3,Democrat,0,0,N,N,NA
M,18-24,1,Democrat,0,0,N,N,NA
F,55-64,1,Other,0,0,N,N,NA
M,35-44,3,Independent,0,0,N,N,NA
F,55-64,2,Democrat,0,0,N,N,NA
M,55-64,1,Democrat,0,0,N,N,NA
M,18-24,1,Independent,0,0,N,N,NA
F,65+,3,Democrat,0,0,N,N,NA
M,35-44,1,Democrat,0,0,N,N,NA
M,18-24,1,Democrat,0,0,N,Y,Twitter
M,35-44,3,Other,0,0,N,N,NA
M,45-54,3,Democrat,0,0,N,N,NA
F,18-24,2,Independent,0,0,N,N,NA
F,18-24,3,Democrat,0,0,N,Y,Email
F,25-34,1,Democrat,0,0,N,N,NA
F,18-24,1,Democrat,0,0,N,N,NA
M,18-24,3,Independent,0,0,N,N,NA
M,18-24,1,Democrat,1,16,N,N,NA
M,18-24,3,Democrat,0,0,N,N,NA
M,18-24,3,Democrat,0,0,N,N,NA
M,65+,3,Independent,0,0,N,N,NA
M,18-24,1,Other,0,0,N,N,NA
F,25-34,3,Other,0,0,N,N,NA
F,25-34,1,Democrat,0,0,N,N,NA
M,35-44,2,Democrat,0,0,N,N,NA
M,25-34,1,Democrat,0,0,N,N,NA
F,55-64,1,Democrat,0,0,N,N,NA
F,65+,1,Independent,0,0,N,N,NA
F,18-24,3,Democrat,0,0,N,N,NA
F,25-34,2,Democrat,0,0,N,N,NA
M,65+,2,Independent,0,0,N,N,NA
F,18-24,3,Democrat,0,0,N,N,NA
F,65+,2,Democrat,0,0,N,Y,Email
M,65+,3,Democrat,0,0,N,N,NA
F,65+,2,Democrat,0,0,N,N,NA
M,55-64,1,Other,0,0,N,N,NA
M,55-64,1,Democrat,0,0,N,N,NA
M,35-44,1,Democrat,0,0,N,N,NA
F,65+,1,Democrat,0,0,N,N,NA
M,18-24,1,Other,0,0,N,N,NA
M,65+,2,Democrat,1,18,N,N,NA
M,65+,1,Democrat,1,17,N,N,NA
M,18-24,3,Democrat,0,0,N,N,NA
F,65+,3,Democrat,0,0,N,N,NA
M,18-24,1,Democrat,0,0,N,N,NA
F,25-34,2,Independent,1,21,N,N,NA
F,55-64,3,Independent,0,0,N,N,NA
M,45-54,3,Democrat,0,0,N,N,NA
F,65+,3,Democrat,0,0,N,N,NA
M,65+,3,Democrat,0,0,N,N,NA
M,18-24,3,Democrat,0,0,N,N,NA
M,45-54,3,Independent,0,0,N,N,NA
F,18-24,1,Independent,0,0,N,N,NA
M,25-34,2,Other,0,0,N,N,NA
M,65+,3,Democrat,0,0,N,N,NA
M,65+,3,Democrat,0,0,N,N,NA
F,25-34,1,Democrat,0,0,N,N,NA
F,18-24,3,Democrat,0,0,N,N,NA
M,25-34,1,Other,0,0,N,N,NA
M,65+,2,Independent,0,0,N,N,NA
M,55-64,2,Democrat,0,0,N,N,NA
M,45-54,2,Democrat,0,0,N,N,NA
M,18-24,1,Democrat,0,0,N,N,NA
F,45-54,3,Democrat,0,0,N,N,NA
F,65+,3,Independent,0,0,N,N,NA
M,65+,1,Democrat,0,0,N,N,NA
F,25-34,2,Democrat,0,0,N,Y,Twitter
F,25-34,3,Democrat,0,0,N,N,NA
M,65+,2,Democrat,0,0,N,N,NA
F,25-34,2,Democrat,0,0,N,N,NA
F,18-24,1,Independent,0,0,N,N,NA
M,25-34,1,Democrat,0,0,N,N,NA
F,25-34,3,Democrat,0,0,N,N,NA
M,65+,2,Democrat,0,0,N,N,NA
M,25-34,2,Democrat,0,0,N,Y,Email
F,65+,2,Democrat,0,0,N,N,NA
M,25-34,2,Democrat,1,23,N,N,NA
M,25-34,3,Other,0,0,N,N,NA
F,65+,2,Democrat,0,0,N,N,NA
F,25-34,1,Independent,0,0,N,N,NA
F,25-34,3,Democrat,0,0,N,N,NA
F,65+,3,Independent,0,0,N,N,NA
M,35-44,2,Democrat,0,0,N,Y,Email
M,65+,3,Democrat,0,0,N,N,NA
M,18-24,1,Other,0,0,N,N,NA
M,65+,1,Democrat,0,0,N,N,NA
F,18-24,1,Democrat,0,0,N,N,NA
F,65+,1,Democrat,0,0,N,N,NA
F,25-34,3,Independent,1,16,N,N,NA
F,35-44,1,Democrat,0,0,N,N,NA
M,25-34,1,Democrat,0,0,N,N,NA
M,25-34,2,Independent,0,0,N,N,NA
F,18-24,3,Democrat,0,0,N,N,NA
M,65+,2,Democrat,0,0,N,N,NA
M,65+,1,Other,0,0,Y,N,NA
F,65+,2,Other,0,0,N,N,NA
F,65+,3,Democrat,0,0,N,N,NA
F,65+,3,Independent,0,0,N,N,NA
F,55-64,2,Democrat,0,0,N,N,NA
M,65+,2,Democrat,0,0,N,N,NA
M,65+,3,Democrat,0,0,N,N,NA
M,25-34,1,Democrat,0,0,N,N,NA
F,25-34,1,Democrat,0,0,N,N,NA
F,18-24,3,Democrat,0,0,N,N,NA
M,18-24,3,Democrat,0,0,N,N,NA
F,65+,1,Democrat,0,0,N,Y,Twitter
M,55-64,2,Democrat,0,0,N,N,NA
F,65+,3,Democrat,0,0,N,N,NA
M,55-64,3,Independent,0,0,N,N,NA
F,35-44,2,Democrat,0,0,N,N,NA
M,18-24,3,Independent,0,0,N,N,NA
M,45-54,2,Democrat,0,0,N,N,NA
M,45-54,1,Democrat,1,15,N,N,NA
F,65+,3,Democrat,0,0,N,N,NA
F,55-64,2,Other,0,0,N,N,NA
F,25-34,3,Democrat,0,0,N,N,NA
F,25-34,1,Other,0,0,N,N,NA
F,65+,1,Democrat,0,0,N,N,NA
M,18-24,1,Democrat,0,0,N,N,NA
F,18-24,1,Democrat,0,0,N,N,NA
M,65+,3,Democrat,0,0,N,N,NA
M,25-34,1,Democrat,0,0,N,N,NA
F,25-34,3,Democrat,0,0,N,N,NA
F,18-24,2,Democrat,0,0,N,N,NA
F,18-24,1,Democrat,0,0,N,N,NA
F,65+,1,Democrat,0,0,N,N,NA
F,55-64,2,Independent,0,0,N,N,NA
M,55-64,3,Democrat,0,0,N,N,NA
F,25-34,2,Democrat,0,0,N,N,NA
M,45-54,2,Democrat,0,0,N,N,NA
M,65+,3,Independent,0,0,N,N,NA
M,65+,3,Democrat,0,0,N,N,NA
M,18-24,2,Democrat,0,0,Y,N,NA
M,45-54,2,Democrat,0,0,N,N,NA
F,35-44,1,Democrat,0,0,N,N,NA
F,65+,2,Democrat,0,0,N,N,NA
F,65+,3,Democrat,0,0,N,N,NA
M,35-44,3,Democrat,0,0,N,N,NA
F,65+,3,Democrat,0,0,N,N,NA
M,18-24,3,Independent,0,0,N,N,NA
M,25-34,2,Independent,0,0,N,N,NA
M,25-34,2,Democrat,0,0,N,N,NA
M,35-44,2,Democrat,0,0,N,N,NA
F,18-24,2,Other,0,0,N,N,NA
F,18-24,3,Democrat,0,0,N,N,NA
M,65+,1,Democrat,0,0,N,N,NA
M,18-24,3,Independent,0,0,N,N,NA
M,35-44,3,Democrat,0,0,N,N,NA
F,35-44,2,Democrat,0,0,N,N,NA
M,25-34,1,Democrat,0,0,N,N,NA
F,65+,2,Democrat,0,0,N,N,NA
F,55-64,2,Independent,0,0,N,N,NA
M,55-64,2,Democrat,0,0,N,N,NA
F,45-54,3,Democrat,0,0,N,N,NA
M,18-24,1,Independent,0,0,N,N,NA
M,65+,1,Democrat,0,0,N,N,NA
F,18-24,2,Democrat,0,0,N,N,NA
F,35-44,3,Democrat,0,0,N,N,NA
F,25-34,1,Democrat,0,0,N,N,NA
M,18-24,1,Other,0,0,N,N,NA
M,65+,2,Democrat,0,0,N,N,NA
M,18-24,2,Democrat,0,0,N,N,NA
M,55-64,1,Democrat,1,15,N,N,NA
M,18-24,1,Independent,1,14,N,N,NA
F,65+,3,Democrat,0,0,N,N,NA
M,65+,2,Other,0,0,N,N,NA
F,65+,3,Other,0,0,N,Y,Email
F,45-54,2,Democrat,0,0,N,N,NA
F,65+,3,Independent,0,0,N,N,NA
M,18-24,1,Democrat,0,0,N,N,NA
M,18-24,2,Other,0,0,N,N,NA
M,25-34,2,Democrat,1,18,N,N,NA
M,35-44,2,Democrat,0,0,N,N,NA
M,65+,2,Other,0,0,N,N,NA
F,55-64,2,Democrat,0,0,N,N,NA
F,35-44,2,Democrat,0,0,N,N,NA
F,65+,2,Independent,0,0,N,N,NA
M,25-34,3,Other,0,0,N,N,NA
F,25-34,1,Independent,0,0,N,N,NA
F,18-24,1,Democrat,0,0,N,N,NA
F,35-44,1,Democrat,0,0,N,N,NA
M,55-64,2,Other,0,0,N,N,NA
F,18-24,2,Independent,0,0,N,Y,Email
M,55-64,1,Democrat,0,0,N,N,NA
F,35-44,3,Independent,0,0,N,N,NA
M,18-24,2,Democrat,0,0,N,N,NA
F,45-54,3,Democrat,0,0,N,N,NA
F,55-64,2,Independent,0,0,N,N,NA
M,65+,1,Democrat,0,0,N,N,NA
F,25-34,3,Independent,0,0,N,N,NA
M,18-24,1,Democrat,0,0,N,N,NA
F,35-44,1,Democrat,0,0,N,N,NA
M,25-34,3,Democrat,0,0,N,N,NA
F,25-34,3,Independent,0,0,N,N,NA
F,18-24,2,Democrat,0,0,N,N,NA
M,18-24,2,Democrat,0,0,N,N,NA
M,25-34,3,Democrat,0,0,N,N,NA
F,45-54,1,Democrat,0,0,N,N,NA
M,55-64,1,Democrat,0,0,N,N,NA
M,25-34,1,Democrat,0,0,N,N,NA
F,25-34,1,Democrat,0,0,N,N,NA
F,25-34,2,Democrat,0,0,N,N,NA
M,55-64,3,Democrat,0,0,N,N,NA
F,65+,1,Democrat,0,0,N,N,NA
F,55-64,3,Democrat,0,0,N,N,NA
M,25-34,2,Democrat,0,0,N,N,NA
F,55-64,1,Democrat,0,0,N,N,NA
F,45-54,2,Democrat,0,0,N,N,NA
F,25-34,2,Democrat,0,0,N,Y,Email
F,65+,1,Independent,0,0,N,N,NA
M,65+,2,Democrat,0,0,N,N,NA
M,18-24,3,Democrat,0,0,N,N,NA
M,18-24,1,Independent,1,25,N,Y,Email
F,18-24,1,Democrat,0,0,N,N,NA
F,18-24,1,Democrat,0,0,N,N,NA
M,18-24,1,Democrat,0,0,N,N,NA
M,35-44,3,Democrat,0,0,N,N,NA
F,65+,2,Democrat,1,29,N,N,NA
M,65+,1,Independent,0,0,N,N,NA
M,35-44,2,Democrat,0,0,N,N,NA
M,25-34,3,Democrat,0,0,N,Y,Email
M,25-34,2,Democrat,0,0,N,N,NA
F,65+,2,Democrat,0,0,N,N,NA
M,25-34,1,Other,0,0,N,N,NA
F,65+,1,Other,0,0,N,N,NA
F,65+,2,Democrat,0,0,N,N,NA
F,45-54,2,Independent,0,0,N,N,NA
M,25-34,2,Independent,0,0,N,N,NA
F,18-24,1,Independent,0,0,N,N,NA
F,25-34,1,Democrat,0,0,N,N,NA
F,55-64,3,Other,0,0,N,Y,Email
F,55-64,2,Democrat,0,0,N,N,NA
M,45-54,2,Democrat,0,0,N,N,NA
M,18-24,2,Democrat,0,0,N,N,NA
F,35-44,3,Independent,0,0,Y,N,NA
M,65+,3,Democrat,0,0,N,N,NA
M,65+,2,Democrat,0,0,N,N,NA
F,25-34,3,Other,0,0,N,N,NA
F,55-64,3,Independent,0,0,N,N,NA
M,55-64,2,Democrat,0,0,N,N,NA
F,18-24,1,Democrat,0,0,N,N,NA
F,65+,3,Democrat,1,41,N,N,NA
F,18-24,3,Other,0,0,N,N,NA
F,65+,3,Democrat,0,0,N,N,NA
M,55-64,1,Democrat,0,0,N,N,NA
F,35-44,1,Democrat,0,0,N,Y,Email
F,65+,1,Democrat,0,0,N,N,NA
F,18-24,3,Democrat,0,0,N,N,NA
M,35-44,3,Democrat,0,0,N,N,NA
M,65+,3,Democrat,0,0,N,N,NA
M,18-24,2,Democrat,0,0,N,Y,Email
M,18-24,1,Democrat,0,0,N,N,NA
M,35-44,1,Democrat,0,0,N,N,NA
M,65+,3,Democrat,0,0,N,N,NA
M,55-64,3,Democrat,0,0,N,N,NA
M,45-54,3,Democrat,0,0,N,N,NA
F,25-34,1,Democrat,0,0,N,N,NA
F,18-24,1,Democrat,0,0,N,N,NA
M,25-34,2,Independent,1,22,N,N,NA
M,35-44,3,Democrat,0,0,N,N,NA
F,55-64,3,Democrat,0,0,N,N,NA
M,65+,1,Other,0,0,N,N,NA
F,45-54,1,Other,0,0,N,N,NA
F,65+,1,Independent,0,0,N,N,NA
M,18-24,2,Democrat,0,0,N,N,NA
F,18-24,3,Democrat,0,0,N,N,NA
M,18-24,1,Democrat,0,0,N,N,NA
M,18-24,2,Democrat,0,0,N,N,NA
F,55-64,3,Democrat,0,0,N,N,NA
M,55-64,2,Democrat,0,0,N,Y,Email
F,35-44,2,Democrat,0,0,N,N,NA
F,45-54,1,Democrat,0,0,N,N,NA
F,45-54,2,Democrat,0,0,N,N,NA
F,65+,1,Independent,0,0,N,N,NA
M,45-54,3,Independent,0,0,N,N,NA
M,25-34,3,Democrat,0,0,N,N,NA
F,65+,2,Democrat,0,0,N,N,NA
M,25-34,3,Democrat,0,0,N,N,NA
M,65+,1,Democrat,0,0,N,N,NA
M,18-24,3,Democrat,0,0,N,N,NA
M,25-34,2,Other,0,0,N,N,NA
M,25-34,2,Democrat,0,0,N,N,NA
F,45-54,2,Independent,0,0,N,N,NA
F,55-64,2,Democrat,0,0,N,N,NA
M,65+,3,Independent,0,0,N,N,NA
M,25-34,1,Democrat,0,0,N,N,NA
M,45-54,2,Other,0,0,N,N,NA
M,18-24,1,Democrat,0,0,N,N,NA
F,55-64,1,Democrat,1,22,N,N,NA
F,18-24,3,Independent,0,0,N,N,NA
M,35-44,3,Democrat,0,0,Y,N,NA
F,65+,2,Democrat,0,0,N,N,NA
F,65+,1,Democrat,0,0,N,N,NA
F,45-54,1,Democrat,0,0,N,N,NA
F,55-64,1,Democrat,0,0,N,N,NA
F,65+,3,Democrat,0,0,N,N,NA
M,25-34,2,Democrat,0,0,N,N,NA
M,45-54,1,Other,0,0,N,N,NA
F,25-34,1,Independent,0,0,N,N,NA
F,55-64,2,Democrat,0,0,N,N,NA
M,65+,3,Democrat,0,0,N,N,NA
M,65+,3,Independent,0,0,N,N,NA
M,25-34,1,Democrat,0,0,N,N,NA
F,25-34,3,Democrat,0,0,N,N,NA
F,18-24,1,Democrat,0,0,N,N,NA
M,25-34,2,Democrat,0,0,N,N,NA
M,18-24,3,Democrat,0,0,N,N,NA
F,18-24,1,Democrat,0,0,N,N,NA
F,18-24,1,Independent,0,0,N,N,NA
F,65+,1,Democrat,0,0,N,N,NA
M,65+,2,Democrat,0,0,N,Y,Email
M,55-64,1,Democrat,0,0,N,N,NA
M,65+,2,Independent,0,0,N,N,NA
F,55-64,2,Democrat,0,0,N,N,NA
M,65+,1,Democrat,0,0,Y,N,NA
F,18-24,1,Democrat,0,0,N,N,NA
M,18-24,3,Other,0,0,N,N,NA
M,45-54,2,Democrat,0,0,N,N,NA
F,65+,1,Democrat,0,0,N,N,NA
M,55-64,2,Independent,0,0,N,N,NA
M,18-24,2,Other,0,0,N,N,NA
M,25-34,2,Independent,0,0,N,N,NA
F,18-24,3,Democrat,0,0,N,N,NA
F,18-24,3,Democrat,0,0,N,N,NA
M,18-24,2,Democrat,1,21,N,N,NA
M,25-34,2,Independent,0,0,N,N,NA
F,65+,3,Other,0,0,N,N,NA
F,65+,3,Independent,0,0,N,N,NA
F,35-44,3,Independent,0,0,N,N,NA
F,25-34,3,Other,1,23,N,N,NA
M,25-34,2,Democrat,0,0,N,N,NA
M,18-24,1,Democrat,0,0,N,N,NA
M,45-54,2,Democrat,0,0,N,N,NA
M,18-24,3,Other,0,0,N,N,NA
M,18-24,1,Democrat,0,0,N,N,NA
F,25-34,2,Democrat,0,0,N,N,NA
M,65+,1,Democrat,0,0,N,N,NA
F,65+,2,Democrat,0,0,N,N,NA
F,55-64,1,Democrat,0,0,N,N,NA
M,65+,3,Independent,1,25,N,N,NA
M,55-64,2,Democrat,0,0,N,N,NA
F,25-34,1,Democrat,0,0,N,N,NA
M,45-54,1,Democrat,0,0,N,N,NA
F,35-44,2,Other,0,0,N,N,NA
F,65+,2,Democrat,0,0,N,N,NA
F,18-24,2,Other,0,0,N,N,NA
M,35-44,3,Democrat,0,0,N,N,NA
F,55-64,3,Independent,0,0,N,N,NA
M,18-24,1,Democrat,0,0,Y,N,NA
M,35-44,3,Democrat,0,0,N,Y,Email
F,65+,1,Independent,0,0,N,N,NA
F,18-24,2,Democrat,0,0,N,N,NA
F,25-34,1,Independent,0,0,N,N,NA
F,35-44,2,Democrat,0,0,Y,N,NA
F,25-34,1,Independent,0,0,N,N,NA
M,35-44,3,Democrat,0,0,N,N,NA
M,45-54,2,Other,0,0,N,N,NA
M,18-24,2,Independent,0,0,N,N,NA
F,25-34,3,Independent,0,0,N,N,NA
F,25-34,2,Democrat,0,0,N,N,NA
F,25-34,2,Democrat,0,0,N,N,NA
F,35-44,1,Democrat,0,0,N,N,NA
F,18-24,2,Democrat,0,0,N,N,NA
M,35-44,2,Democrat,0,0,N,N,NA
M,65+,1,Democrat,0,0,N,Y,Email
F,65+,1,Democrat,0,0,N,N,NA
M,18-24,2,Other,0,0,N,N,NA
F,18-24,3,Other,0,0,N,N,NA
M,65+,2,Democrat,0,0,N,N,NA
F,65+,1,Democrat,0,0,N,N,NA
F,25-34,1,Democrat,0,0,N,N,NA
M,18-24,1,Democrat,0,0,N,N,NA
M,65+,1,Democrat,0,0,N,N,NA
M,18-24,1,Democrat,1,7,N,N,NA
F,18-24,1,Democrat,0,0,N,N,NA
M,25-34,2,Democrat,0,0,N,N,NA
F,45-54,3,Democrat,0,0,N,N,NA
F,35-44,1,Democrat,0,0,N,N,NA
F,65+,1,Democrat,0,0,N,N,NA
F,65+,2,Democrat,0,0,N,N,NA
F,65+,1,Democrat,0,0,N,N,NA
F,65+,2,Democrat,0,0,N,N,NA
M,45-54,1,Independent,0,0,N,N,NA
F,55-64,3,Democrat,0,0,N,N,NA
M,25-34,1,Democrat,0,0,N,N,NA
M,18-24,2,Democrat,0,0,N,N,NA
F,65+,3,Democrat,0,0,N,N,NA
M,35-44,1,Democrat,1,13,N,N,NA
M,35-44,3,Democrat,0,0,N,N,NA
M,65+,1,Democrat,0,0,N,Y,Email
M,18-24,2,Democrat,0,0,N,N,NA
M,35-44,3,Other,0,0,N,N,NA
F,55-64,2,Democrat,0,0,N,N,NA
M,25-34,1,Democrat,0,0,N,N,NA
F,55-64,3,Democrat,0,0,N,N,NA
M,25-34,1,Other,0,0,N,N,NA
F,35-44,2,Independent,0,0,N,N,NA
F,25-34,1,Democrat,0,0,N,N,NA
M,65+,3,Democrat,0,0,N,N,NA
M,55-64,3,Independent,0,0,N,N,NA
M,65+,2,Democrat,0,0,N,N,NA
F,65+,2,Democrat,0,0,N,N,NA
F,55-64,1,Independent,0,0,N,N,NA
F,45-54,2,Democrat,0,0,N,N,NA
M,65+,2,Democrat,0,0,N,N,NA
M,18-24,3,Independent,0,0,N,N,NA
F,65+,2,Other,0,0,N,N,NA
M,25-34,1,Democrat,0,0,N,N,NA
F,35-44,1,Democrat,0,0,N,Y,Twitter
M,18-24,2,Independent,0,0,N,N,NA
M,65+,3,Democrat,0,0,N,N,NA
F,25-34,1,Independent,0,0,N,N,NA
F,55-64,3,Democrat,0,0,N,N,NA
F,35-44,2,Independent,0,0,N,N,NA
F,35-44,1,Democrat,0,0,N,N,NA
F,65+,2,Democrat,0,0,N,N,NA
F,25-34,2,Democrat,0,0,N,N,NA
M,55-64,3,Democrat,0,0,N,N,NA
F,65+,2,Democrat,0,0,N,N,NA
F,35-44,1,Democrat,0,0,Y,Y,Email
F,18-24,3,Democrat,0,0,N,N,NA
F,18-24,1,Democrat,0,0,N,N,NA
F,18-24,2,Democrat,0,0,N,N,NA
M,65+,2,Democrat,0,0,N,N,NA
M,45-54,2,Other,0,0,N,N,NA
M,65+,3,Independent,0,0,N,N,NA
F,65+,2,Democrat,0,0,N,N,NA
F,25-34,2,Democrat,0,0,N,N,NA
M,25-34,1,Democrat,0,0,N,N,NA
F,35-44,1,Democrat,0,0,N,N,NA
F,35-44,3,Democrat,0,0,N,N,NA
F,25-34,2,Other,0,0,N,N,NA
F,65+,2,Democrat,0,0,N,N,NA
F,55-64,3,Democrat,0,0,N,N,NA
F,65+,1,Democrat,0,0,N,N,NA
F,35-44,1,Democrat,0,0,N,N,NA
F,25-34,1,Democrat,0,0,N,N,NA
M,45-54,2,Independent,1,28,N,N,NA
M,65+,3,Independent,0,0,N,N,NA
M,35-44,2,Democrat,0,0,N,N,NA
F,55-64,1,Democrat,1,22,N,N,NA
M,35-44,3,Democrat,1,49,N,N,NA
M,18-24,3,Democrat,0,0,N,Y,Email
M,55-64,1,Other,0,0,N,N,NA
F,35-44,1,Democrat,0,0,N,N,NA
M,25-34,3,Other,0,0,N,N,NA
F,18-24,3,Democrat,0,0,N,N,NA
F,35-44,2,Other,0,0,N,N,NA
M,65+,3,Democrat,0,0,N,N,NA
F,25-34,3,Democrat,0,0,N,N,NA
F,18-24,1,Democrat,0,0,N,N,NA
M,18-24,3,Independent,0,0,N,N,NA
F,65+,1,Democrat,0,0,N,N,NA
M,18-24,2,Democrat,0,0,N,N,NA
F,25-34,3,Independent,0,0,N,N,NA
F,55-64,3,Democrat,0,0,N,N,NA
F,35-44,1,Democrat,0,0,N,N,NA
M,35-44,1,Independent,0,0,N,N,NA
M,55-64,2,Democrat,0,0,N,N,NA
M,18-24,2,Independent,0,0,N,N,NA
M,25-34,2,Democrat,0,0,N,N,NA
F,25-34,2,Democrat,0,0,N,N,NA
F,65+,2,Democrat,0,0,N,N,NA
M,18-24,2,Democrat,0,0,N,N,NA
F,18-24,3,Democrat,0,0,N,N,NA
M,65+,1,Democrat,0,0,N,N,NA
F,65+,1,Democrat,0,0,N,N,NA
M,65+,2,Democrat,0,0,N,N,NA
F,65+,2,Democrat,0,0,N,N,NA
M,65+,3,Democrat,0,0,N,N,NA
F,25-34,3,Independent,0,0,N,N,NA
F,65+,2,Independent,0,0,N,N,NA
F,55-64,2,Democrat,0,0,N,N,NA
M,25-34,1,Other,0,0,N,N,NA
M,65+,1,Democrat,0,0,N,N,NA
M,55-64,1,Independent,0,0,Y,N,NA
M,18-24,2,Democrat,0,0,N,N,NA
F,65+,1,Democrat,0,0,N,N,NA
M,25-34,2,Independent,0,0,N,Y,Email
M,65+,2,Other,0,0,N,N,NA
F,35-44,1,Democrat,0,0,N,N,NA
M,25-34,2,Democrat,0,0,N,N,NA
F,55-64,1,Democrat,0,0,N,N,NA
M,65+,3,Democrat,0,0,N,N,NA
M,65+,2,Democrat,0,0,N,N,NA
M,65+,2,Democrat,0,0,N,N,NA
F,65+,2,Democrat,0,0,N,N,NA
F,45-54,1,Democrat,0,0,N,N,NA
F,25-34,2,Independent,0,0,N,N,NA
M,35-44,3,Democrat,0,0,N,N,NA
F,55-64,2,Democrat,0,0,N,N,NA
F,65+,1,Democrat,0,0,N,N,NA
F,18-24,1,Democrat,0,0,N,N,NA
M,18-24,3,Democrat,0,0,N,N,NA
M,18-24,3,Democrat,0,0,N,N,NA
F,18-24,2,Independent,0,0,N,N,NA
M,65+,1,Independent,0,0,N,N,NA
F,65+,1,Democrat,0,0,N,N,NA
F,45-54,1,Democrat,1,11,N,N,NA
F,65+,1,Democrat,0,0,N,N,NA
F,65+,1,Other,0,0,N,N,NA
F,35-44,1,Democrat,0,0,N,N,NA
M,55-64,1,Democrat,0,0,N,N,NA
F,35-44,1,Independent,0,0,N,N,NA
F,25-34,1,Independent,0,0,N,N,NA
M,55-64,3,Democrat,0,0,N,N,NA
F,55-64,1,Independent,0,0,N,N,NA
M,65+,2,Democrat,0,0,N,N,NA
M,35-44,1,Democrat,0,0,N,N,NA
F,65+,1,Democrat,0,0,N,N,NA
F,25-34,3,Democrat,0,0,N,N,NA
F,35-44,2,Independent,0,0,N,N,NA
F,65+,3,Other,0,0,N,N,NA
F,45-54,1,Democrat,0,0,N,N,NA
F,18-24,1,Independent,0,0,N,N,NA
M,35-44,2,Other,0,0,N,N,NA
M,35-44,1,Democrat,0,0,N,N,NA
M,35-44,3,Democrat,0,0,N,N,NA
F,65+,1,Democrat,1,17,N,N,NA
M,65+,1,Other,0,0,N,N,NA
F,25-34,1,Independent,0,0,N,Y,Email
F,65+,2,Democrat,0,0,N,N,NA
F,25-34,1,Democrat,0,0,N,N,NA
M,18-24,1,Democrat,0,0,N,N,NA
M,18-24,2,Democrat,0,0,N,N,NA
M,35-44,3,Other,0,0,N,N,NA
M,65+,2,Democrat,0,0,N,N,NA
F,18-24,2,Democrat,1,14,N,N,NA
F,65+,1,Democrat,0,0,N,N,NA
F,65+,1,Independent,0,0,N,N,NA
M,45-54,1,Independent,0,0,N,N,NA
M,25-34,1,Democrat,0,0,N,N,NA
M,45-54,2,Democrat,0,0,N,N,NA
F,35-44,2,Democrat,0,0,N,N,NA
M,65+,3,Democrat,0,0,N,N,NA
M,18-24,2,Independent,0,0,N,N,NA
F,25-34,1,Democrat,0,0,N,N,NA
F,65+,1,Democrat,0,0,N,Y,Twitter
F,35-44,1,Democrat,0,0,N,N,NA
F,18-24,3,Independent,0,0,N,N,NA
M,65+,1,Democrat,0,0,N,N,NA
M,35-44,2,Democrat,0,0,N,N,NA
M,65+,3,Democrat,0,0,N,N,NA
M,65+,2,Independent,0,0,N,N,NA
F,25-34,1,Democrat,0,0,N,N,NA
M,35-44,3,Democrat,0,0,Y,N,NA
F,18-24,2,Democrat,0,0,N,N,NA
F,18-24,2,Democrat,0,0,N,N,NA
M,25-34,1,Democrat,0,0,N,N,NA
M,35-44,3,Democrat,1,47,N,N,NA
M,55-64,3,Independent,0,0,N,N,NA
M,18-24,3,Democrat,0,0,N,N,NA
F,18-24,3,Independent,0,0,N,N,NA
F,55-64,2,Other,0,0,N,N,NA
M,55-64,1,Democrat,0,0,N,N,NA
M,25-34,2,Democrat,0,0,N,N,NA
F,45-54,1,Democrat,0,0,N,N,NA
F,65+,1,Independent,0,0,N,N,NA
F,65+,3,Independent,0,0,N,N,NA
F,25-34,3,Independent,0,0,N,N,NA
F,45-54,1,Democrat,0,0,N,Y,Email
M,65+,2,Democrat,0,0,N,N,NA
F,55-64,3,Democrat,1,23,N,N,NA
M,35-44,3,Democrat,0,0,N,N,NA
F,35-44,2,Independent,0,0,N,N,NA
F,35-44,1,Democrat,0,0,N,N,NA
M,25-34,2,Democrat,1,26,N,N,NA
M,65+,3,Democrat,0,0,N,N,NA
M,65+,3,Democrat,0,0,N,N,NA
M,18-24,1,Other,0,0,N,N,NA
M,18-24,2,Democrat,0,0,N,N,NA
M,18-24,3,Democrat,0,0,N,N,NA
F,18-24,3,Democrat,0,0,N,N,NA
M,65+,1,Democrat,0,0,N,N,NA
M,18-24,1,Democrat,0,0,N,N,NA
M,18-24,2,Democrat,0,0,N,N,NA
F,25-34,1,Democrat,0,0,N,N,NA
M,65+,2,Democrat,0,0,N,Y,Email
F,65+,1,Other,1,20,N,N,NA
M,25-34,3,Democrat,0,0,N,N,NA
M,55-64,1,Democrat,0,0,N,N,NA
F,65+,3,Democrat,0,0,N,N,NA
F,25-34,3,Democrat,0,0,N,N,NA
F,35-44,3,Democrat,0,0,N,Y,Email
M,35-44,1,Democrat,0,0,N,N,NA
F,18-24,2,Democrat,0,0,N,N,NA
M,18-24,3,Democrat,0,0,N,N,NA
F,25-34,1,Other,0,0,N,N,NA
M,45-54,1,Democrat,0,0,N,N,NA
M,25-34,3,Independent,0,0,N,N,NA
M,18-24,3,Independent,0,0,N,N,NA
M,65+,2,Democrat,0,0,N,N,NA
F,65+,2,Independent,0,0,N,N,NA
F,25-34,3,Democrat,0,0,N,N,NA
M,35-44,1,Democrat,0,0,N,N,NA
M,18-24,3,Independent,0,0,N,N,NA
F,65+,3,Independent,0,0,N,N,NA
M,18-24,1,Democrat,0,0,N,N,NA
F,65+,1,Democrat,0,0,N,N,NA
M,18-24,2,Independent,0,0,N,N,NA
F,18-24,3,Independent,0,0,N,N,NA
M,25-34,3,Democrat,0,0,N,N,NA
M,45-54,1,Democrat,0,0,N,N,NA
F,65+,1,Democrat,0,0,N,N,NA
M,65+,1,Democrat,0,0,N,N,NA
F,25-34,2,Democrat,0,0,N,N,NA
M,18-24,3,Democrat,0,0,N,N,NA
M,18-24,1,Democrat,0,0,N,N,NA
M,65+,2,Other,0,0,N,N,NA
F,65+,3,Democrat,0,0,N,N,NA
M,18-24,1,Democrat,0,0,N,N,NA
M,65+,3,Other,0,0,N,N,NA
M,45-54,1,Other,0,0,N,N,NA
M,65+,2,Democrat,0,0,N,N,NA
M,18-24,1,Democrat,0,0,N,N,NA
M,35-44,1,Democrat,0,0,N,N,NA
M,55-64,3,Democrat,0,0,N,N,NA
M,25-34,1,Other,0,0,N,N,NA
F,25-34,3,Democrat,0,0,N,N,NA
M,25-34,1,Democrat,0,0,N,N,NA
F,65+,2,Independent,0,0,N,N,NA
F,25-34,1,Democrat,0,0,N,N,NA
F,65+,2,Independent,0,0,N,N,NA
M,18-24,2,Democrat,0,0,N,N,NA
F,25-34,3,Other,0,0,N,N,NA
M,25-34,1,Democrat,0,0,N,N,NA
F,18-24,3,Independent,0,0,N,N,NA
F,65+,2,Democrat,0,0,N,N,NA
M,35-44,1,Democrat,1,25,Y,N,NA
F,55-64,3,Independent,0,0,N,N,NA
F,65+,2,Democrat,0,0,N,N,NA
M,45-54,2,Democrat,0,0,N,N,NA
M,45-54,1,Democrat,0,0,N,N,NA
M,65+,1,Independent,0,0,N,N,NA
M,45-54,2,Democrat,0,0,N,N,NA
F,65+,1,Democrat,0,0,N,N,NA
F,25-34,2,Democrat,0,0,N,N,NA
F,65+,1,Democrat,0,0,N,N,NA
M,65+,2,Democrat,0,0,N,N,NA
F,45-54,3,Democrat,0,0,N,N,NA
M,55-64,1,Democrat,0,0,N,N,NA
F,45-54,3,Democrat,0,0,N,N,NA
M,65+,3,Democrat,0,0,N,N,NA
F,65+,1,Democrat,0,0,N,N,NA
M,65+,2,Democrat,0,0,N,N,NA
M,45-54,1,Democrat,0,0,N,N,NA
M,18-24,1,Democrat,0,0,N,N,NA
M,35-44,1,Democrat,0,0,N,N,NA
F,25-34,2,Other,0,0,N,N,NA
M,25-34,3,Democrat,0,0,N,N,NA
M,35-44,3,Democrat,0,0,N,N,NA
M,25-34,3,Democrat,1,35,N,N,NA
M,65+,2,Democrat,0,0,N,N,NA
F,35-44,1,Independent,0,0,N,Y,Email
M,18-24,3,Independent,0,0,N,N,NA
M,65+,3,Other,0,0,N,N,NA
F,18-24,1,Democrat,0,0,N,N,NA
M,55-64,1,Democrat,0,0,N,N,NA
M,65+,3,Democrat,0,0,N,N,NA
M,65+,3,Democrat,0,0,N,N,NA
F,45-54,1,Democrat,0,0,N,N,NA
M,65+,1,Democrat,0,0,N,N,NA
F,65+,2,Democrat,0,0,N,N,NA
M,35-44,2,Democrat,0,0,N,N,NA
M,55-64,2,Democrat,0,0,N,N,NA
F,35-44,2,Other,0,0,N,N,NA
M,65+,2,Independent,0,0,N,N,NA
F,25-34,2,Democrat,0,0,N,N,NA
F,18-24,1,Independent,0,0,N,N,NA
F,18-24,3,Democrat,0,0,N,N,NA
M,65+,3,Democrat,0,0,N,N,NA
F,65+,1,Democrat,0,0,N,N,NA
F,25-34,1,Democrat,0,0,N,N,NA
M,18-24,3,Democrat,0,0,N,N,NA
F,65+,3,Democrat,0,0,N,N,NA
M,18-24,2,Democrat,0,0,N,N,NA
F,55-64,3,Other,0,0,N,Y,Email
F,65+,3,Democrat,0,0,N,N,NA
M,65+,3,Independent,0,0,N,N,NA
F,55-64,2,Democrat,1,19,N,N,NA
M,55-64,3,Democrat,0,0,N,N,NA
M,18-24,3,Independent,0,0,N,N,NA
M,18-24,1,Democrat,0,0,N,N,NA
M,25-34,2,Democrat,0,0,N,N,NA
F,55-64,2,Democrat,0,0,N,N,NA
F,45-54,3,Democrat,0,0,N,N,NA
M,55-64,2,Democrat,0,0,N,N,NA
M,18-24,3,Democrat,1,43,N,N,NA
F,65+,1,Democrat,0,0,N,N,NA
M,55-64,2,Democrat,0,0,N,N,NA
M,25-34,3,Democrat,0,0,N,N,NA
M,55-64,1,Independent,0,0,N,N,NA
F,18-24,1,Independent,0,0,N,N,NA
F,65+,1,Democrat,0,0,N,N,NA
M,25-34,1,Democrat,0,0,N,N,NA
F,65+,3,Democrat,0,0,N,N,NA
F,55-64,2,Independent,0,0,N,N,NA
F,35-44,3,Democrat,0,0,N,Y,Email
M,65+,1,Democrat,0,0,N,N,NA
M,65+,1,Other,0,0,N,N,NA
F,65+,2,Democrat,0,0,N,Y,Email
F,18-24,2,Democrat,0,0,N,N,NA
F,18-24,1,Other,0,0,N,N,NA
M,25-34,1,Democrat,0,0,N,N,NA
F,18-24,3,Democrat,0,0,N,N,NA
F,65+,2,Independent,0,0,N,N,NA
F,65+,3,Democrat,0,0,N,N,NA
F,65+,2,Democrat,0,0,N,N,NA
M,25-34,1,Other,0,0,N,N,NA
M,25-34,3,Democrat,0,0,N,N,NA
F,65+,2,Democrat,0,0,N,N,NA
M,65+,1,Independent,0,0,N,N,NA
F,25-34,2,Independent,0,0,N,N,NA
F,35-44,3,Democrat,0,0,N,N,NA
M,55-64,1,Democrat,0,0,N,N,NA
M,35-44,1,Democrat,0,0,N,N,NA
F,65+,3,Democrat,0,0,N,N,NA
F,25-34,1,Independent,0,0,N,N,NA
M,25-34,1,Democrat,0,0,N,N,NA
F,65+,2,Democrat,0,0,N,N,NA
F,18-24,1,Democrat,0,0,N,N,NA
F,65+,2,Other,0,0,Y,N,NA
F,55-64,1,Democrat,0,0,N,N,NA
F,18-24,2,Democrat,0,0,N,N,NA
F,65+,2,Democrat,0,0,N,N,NA
M,25-34,2,Independent,0,0,N,N,NA
F,55-64,2,Democrat,0,0,N,N,NA
M,65+,3,Democrat,0,0,N,N,NA
M,18-24,1,Democrat,0,0,N,N,NA
F,45-54,3,Democrat,0,0,N,N,NA
F,18-24,3,Democrat,0,0,N,N,NA
F,55-64,2,Independent,0,0,N,N,NA
M,18-24,2,Democrat,0,0,N,N,NA
F,65+,3,Independent,0,0,N,N,NA
F,65+,1,Independent,0,0,N,N,NA
M,25-34,1,Democrat,0,0,N,N,NA
F,35-44,2,Democrat,0,0,N,N,NA
F,18-24,2,Democrat,0,0,N,N,NA
M,55-64,1,Democrat,0,0,N,N,NA
F,35-44,2,Democrat,0,0,N,N,NA
M,18-24,1,Democrat,0,0,N,N,NA
M,18-24,3,Democrat,0,0,N,N,NA
F,25-34,2,Democrat,1,19,N,N,NA
F,25-34,2,Other,0,0,N,N,NA
M,45-54,2,Other,1,22,N,N,NA
M,25-34,2,Independent,0,0,N,N,NA
F,65+,3,Other,0,0,N,Y,Email
F,18-24,3,Democrat,0,0,N,Y,Twitter
M,25-34,3,Democrat,0,0,N,N,NA
M,55-64,3,Other,0,0,N,Y,Email
M,25-34,2,Democrat,0,0,N,N,NA
M,18-24,3,Democrat,0,0,N,N,NA
F,35-44,1,Democrat,0,0,N,N,NA
F,65+,2,Democrat,0,0,N,N,NA
M,35-44,3,Other,0,0,N,N,NA
F,65+,1,Democrat,0,0,N,N,NA
F,18-24,2,Democrat,0,0,N,N,NA
M,65+,3,Democrat,0,0,N,N,NA
M,25-34,1,Independent,0,0,N,N,NA
M,55-64,2,Democrat,0,0,N,N,NA
F,65+,1,Democrat,0,0,N,N,NA
M,25-34,2,Other,0,0,N,N,NA
F,25-34,1,Democrat,0,0,N,N,NA
F,55-64,1,Democrat,0,0,N,N,NA
F,25-34,2,Democrat,0,0,N,N,NA
F,25-34,2,Other,0,0,N,N,NA
F,55-64,3,Independent,0,0,N,N,NA
M,55-64,3,Other,0,0,N,N,NA
F,65+,3,Other,0,0,N,N,NA
M,18-24,3,Other,0,0,N,N,NA
M,65+,1,Other,0,0,N,N,NA
F,25-34,1,Independent,0,0,N,N,NA
M,65+,2,Democrat,0,0,N,N,NA
F,35-44,3,Independent,0,0,N,N,NA
M,25-34,3,Democrat,0,0,N,N,NA
F,55-64,2,Democrat,0,0,N,N,NA
F,25-34,3,Independent,0,0,N,N,NA
F,65+,2,Other,0,0,N,N,NA
F,25-34,1,Independent,0,0,N,N,NA
M,18-24,1,Democrat,0,0,N,N,NA
M,18-24,1,Democrat,0,0,N,N,NA
F,55-64,2,Democrat,1,14,N,N,NA
F,65+,3,Other,0,0,N,N,NA
F,55-64,3,Independent,0,0,N,N,NA
F,35-44,1,Democrat,0,0,N,N,NA
F,18-24,1,Democrat,0,0,N,N,NA
F,65+,2,Democrat,0,0,N,N,NA
F,18-24,1,Democrat,0,0,N,N,NA
M,18-24,1,Democrat,0,0,N,N,NA
M,25-34,1,Democrat,0,0,N,Y,Twitter
M,18-24,1,Democrat,0,0,N,N,NA
M,18-24,3,Democrat,0,0,N,N,NA
M,65+,2,Democrat,0,0,N,N,NA
M,18-24,1,Other,0,0,N,N,NA
F,18-24,3,Democrat,0,0,N,N,NA
M,65+,3,Independent,0,0,N,N,NA
F,18-24,3,Independent,0,0,N,N,NA
F,35-44,3,Democrat,0,0,N,N,NA
F,55-64,2,Democrat,0,0,N,Y,Twitter
F,65+,3,Democrat,0,0,N,N,NA
M,35-44,2,Democrat,0,0,N,N,NA
M,65+,3,Democrat,0,0,N,N,NA
F,25-34,2,Democrat,0,0,N,N,NA
M,25-34,1,Democrat,0,0,N,N,NA
M,65+,2,Democrat,0,0,N,N,NA
F,25-34,3,Democrat,0,0,N,N,NA
F,65+,3,Democrat,0,0,N,N,NA
M,25-34,2,Independent,0,0,N,N,NA
F,35-44,1,Democrat,0,0,N,N,NA
M,65+,3,Democrat,0,0,N,N,NA
M,45-54,3,Democrat,0,0,N,N,NA
M,35-44,3,Democrat,0,0,N,Y,Email
M,35-44,2,Democrat,0,0,N,N,NA
M,45-54,3,Other,0,0,Y,N,NA
F,45-54,2,Democrat,0,0,N,N,NA
M,18-24,1,Democrat,0,0,N,N,NA
F,25-34,1,Democrat,0,0,N,N,NA
M,55-64,3,Other,0,0,N,N,NA
F,45-54,1,Independent,0,0,N,N,NA
M,25-34,2,Independent,1,27,N,N,NA
F,35-44,1,Democrat,0,0,N,Y,Email
M,18-24,1,Democrat,0,0,N,N,NA
F,65+,1,Democrat,0,0,N,N,NA
M,45-54,1,Democrat,0,0,N,N,NA
M,18-24,1,Democrat,0,0,N,N,NA
M,25-34,2,Other,0,0,N,N,NA
F,18-24,1,Democrat,0,0,N,N,NA
F,65+,1,Independent,0,0,N,Y,Email
M,65+,2,Democrat,0,0,N,N,NA
F,25-34,1,Democrat,0,0,N,N,NA
M,65+,3,Independent,0,0,N,N,NA
F,25-34,2,Democrat,0,0,N,N,NA
M,65+,1,Democrat,0,0,N,N,NA
F,55-64,1,Other,0,0,N,N,NA
F,65+,1,Other,0,0,N,Y,Twitter
M,65+,3,Democrat,0,0,N,N,NA
F,65+,2,Democrat,0,0,N,N,NA
F,25-34,1,Democrat,0,0,N,N,NA
F,18-24,2,Independent,0,0,N,N,NA
M,65+,2,Independent,0,0,N,N,NA
M,18-24,1,Democrat,0,0,N,N,NA
F,65+,3,Independent,0,0,N,N,NA
F,18-24,1,Democrat,0,0,N,N,NA
M,35-44,3,Democrat,0,0,N,N,NA
F,18-24,1,Democrat,0,0,N,N,NA
M,55-64,1,Democrat,0,0,N,N,NA
M,25-34,3,Independent,1,16,N,N,NA
F,35-44,1,Other,0,0,N,N,NA
M,18-24,1,Independent,0,0,N,N,NA
M,25-34,1,Democrat,0,0,N,N,NA
M,18-24,1,Democrat,0,0,N,N,NA
M,18-24,2,Democrat,0,0,N,Y,Email
M,55-64,1,Democrat,0,0,N,N,NA
M,25-34,2,Democrat,0,0,N,Y,Email
F,18-24,1,Independent,0,0,N,N,NA
F,25-34,1,Democrat,0,0,N,N,NA
M,55-64,2,Independent,0,0,N,N,NA
F,65+,2,Independent,0,0,N,Y,Email
F,18-24,1,Democrat,0,0,N,N,NA
M,18-24,1,Democrat,0,0,N,N,NA
F,25-34,3,Independent,1,19,N,N,NA
F,18-24,2,Democrat,0,0,N,N,NA
M,55-64,3,Independent,0,0,N,N,NA
M,65+,1,Democrat,0,0,N,N,NA
M,65+,2,Democrat,0,0,N,N,NA
F,65+,1,Democrat,0,0,N,N,NA
M,18-24,2,Other,0,0,N,N,NA
M,35-44,3,Democrat,0,0,N,N,NA
F,18-24,3,Democrat,0,0,N,N,NA
M,35-44,3,Independent,1,17,N,N,NA
M,25-34,1,Democrat,0,0,N,N,NA
F,45-54,2,Democrat,0,0,N,N,NA
F,18-24,2,Other,0,0,N,N,NA
F,65+,3,Democrat,0,0,N,N,NA
F,18-24,2,Democrat,0,0,N,N,NA
M,45-54,3,Democrat,0,0,N,N,NA
F,35-44,3,Independent,0,0,N,N,NA
M,55-64,2,Democrat,0,0,N,Y,Email
F,45-54,2,Other,0,0,N,N,NA
F,65+,1,Independent,0,0,N,N,NA
M,65+,1,Democrat,0,0,N,N,NA
M,25-34,1,Other,0,0,N,N,NA
F,18-24,3,Other,0,0,Y,Y,Twitter
M,45-54,2,Independent,0,0,N,N,NA
F,18-24,1,Other,0,0,N,N,NA
F,45-54,3,Democrat,0,0,N,N,NA
M,25-34,1,Democrat,0,0,N,N,NA
F,25-34,3,Democrat,0,0,N,N,NA
F,18-24,1,Other,0,0,N,Y,Twitter
M,45-54,1,Democrat,0,0,N,N,NA
F,65+,3,Democrat,0,0,N,N,NA
F,18-24,1,Democrat,0,0,N,N,NA
M,25-34,2,Democrat,1,10,N,N,NA
M,45-54,2,Democrat,0,0,N,N,NA
F,18-24,1,Democrat,0,0,Y,N,NA
F,18-24,3,Democrat,0,0,N,N,NA
F,18-24,3,Democrat,0,0,N,N,NA
M,18-24,2,Democrat,0,0,N,N,NA
F,65+,3,Democrat,1,39,N,N,NA
F,45-54,1,Democrat,0,0,N,N,NA
M,25-34,3,Democrat,0,0,N,N,NA
M,25-34,3,Democrat,0,0,N,N,NA
F,25-34,1,Independent,0,0,N,N,NA
M,65+,2,Democrat,0,0,N,N,NA
M,18-24,3,Democrat,0,0,N,N,NA
F,35-44,1,Democrat,0,0,Y,N,NA
F,18-24,1,Democrat,0,0,N,N,NA
F,18-24,3,Independent,0,0,N,N,NA
M,65+,2,Democrat,0,0,N,N,NA
F,65+,3,Democrat,0,0,N,N,NA
M,65+,1,Democrat,0,0,N,N,NA
M,35-44,1,Democrat,0,0,N,N,NA
M,65+,2,Democrat,0,0,Y,N,NA
F,55-64,1,Democrat,0,0,N,N,NA
M,45-54,2,Independent,0,0,N,N,NA
M,25-34,2,Independent,0,0,N,N,NA
M,45-54,1,Independent,0,0,N,N,NA
F,55-64,3,Democrat,1,30,N,N,NA
F,25-34,1,Democrat,0,0,N,N,NA
M,45-54,1,Independent,0,0,N,N,NA
M,65+,3,Democrat,0,0,N,N,NA
M,35-44,2,Democrat,0,0,N,N,NA
M,55-64,1,Democrat,0,0,N,N,NA
F,18-24,1,Other,0,0,N,N,NA
M,25-34,3,Democrat,0,0,N,N,NA
M,65+,3,Democrat,0,0,N,N,NA
M,25-34,1,Democrat,0,0,N,N,NA
F,65+,2,Democrat,0,0,N,Y,Twitter
M,25-34,2,Democrat,0,0,N,N,NA
M,25-34,3,Democrat,0,0,N,N,NA
F,18-24,2,Democrat,0,0,N,N,NA
F,65+,2,Democrat,0,0,N,N,NA
M,35-44,3,Democrat,0,0,N,N,NA
M,65+,3,Democrat,0,0,N,N,NA
F,55-64,2,Democrat,0,0,N,N,NA
F,65+,3,Democrat,1,43,N,N,NA
M,55-64,2,Democrat,0,0,N,N,NA
F,35-44,3,Other,0,0,N,N,NA
M,25-34,1,Democrat,0,0,N,N,NA
M,65+,1,Democrat,0,0,N,N,NA
M,65+,2,Democrat,0,0,N,N,NA
F,25-34,2,Independent,0,0,N,Y,Email
F,25-34,2,Other,0,0,N,N,NA
F,18-24,1,Independent,0,0,N,N,NA
M,65+,2,Democrat,0,0,N,N,NA
F,55-64,1,Democrat,0,0,Y,N,NA
M,45-54,2,Democrat,0,0,N,N,NA
F,45-54,1,Independent,0,0,N,N,NA
M,18-24,2,Democrat,0,0,N,N,NA
M,65+,1,Democrat,0,0,N,Y,Email
M,65+,3,Democrat,0,0,N,Y,Email
F,65+,3,Democrat,0,0,N,N,NA
M,35-44,1,Independent,0,0,N,N,NA
M,18-24,2,Democrat,0,0,N,N,NA
F,35-44,3,Independent,0,0,N,N,NA
M,55-64,1,Democrat,0,0,N,N,NA
M,18-24,1,Democrat,0,0,N,N,NA
F,65+,2,Independent,0,0,N,N,NA
F,18-24,1,Independent,0,0,N,N,NA
F,18-24,3,Democrat,0,0,N,N,NA
M,18-24,1,Democrat,0,0,N,N,NA
M,25-34,2,Independent,0,0,N,N,NA
M,35-44,2,Democrat,0,0,N,N,NA
M,55-64,2,Other,0,0,N,N,NA
F,35-44,2,Independent,0,0,N,N,NA
F,18-24,1,Democrat,0,0,N,N,NA
M,55-64,1,Democrat,0,0,N,N,NA
M,65+,2,Independent,0,0,N,Y,Email
F,18-24,2,Independent,0,0,N,N,NA
F,35-44,3,Democrat,0,0,N,N,NA
M,35-44,3,Democrat,0,0,N,N,NA
F,65+,1,Independent,0,0,N,N,NA
F,25-34,3,Democrat,0,0,N,N,NA
M,18-24,3,Independent,0,0,N,N,NA
M,18-24,3,Democrat,0,0,N,N,NA
M,55-64,2,Democrat,0,0,N,N,NA
F,25-34,3,Democrat,0,0,N,N,NA
M,65+,1,Other,0,0,N,N,NA
M,18-24,3,Democrat,0,0,N,N,NA
F,18-24,2,Democrat,0,0,N,N,NA
M,65+,2,Democrat,0,0,N,Y,Email
M,18-24,1,Democrat,0,0,N,N,NA
M,18-24,3,Democrat,0,0,N,N,NA
F,55-64,2,Independent,0,0,N,N,NA
M,65+,2,Democrat,0,0,N,N,NA
F,45-54,1,Democrat,0,0,N,N,NA
F,35-44,1,Democrat,0,0,Y,N,NA
F,55-64,1,Other,0,0,N,N,NA
M,65+,2,Democrat,0,0,N,N,NA
F,65+,1,Democrat,0,0,N,Y,Email
M,45-54,1,Democrat,0,0,N,N,NA
F,55-64,2,Democrat,0,0,N,N,NA
F,18-24,3,Independent,0,0,N,Y,Email
F,35-44,3,Other,0,0,N,N,NA
F,18-24,1,Democrat,0,0,N,N,NA
F,18-24,3,Democrat,1,34,N,N,NA
F,18-24,2,Other,0,0,N,N,NA
M,25-34,2,Democrat,0,0,N,N,NA
F,18-24,3,Democrat,0,0,N,N,NA
M,65+,2,Democrat,0,0,N,N,NA
F,45-54,2,Other,0,0,N,N,NA
M,18-24,1,Democrat,0,0,N,N,NA
M,45-54,3,Democrat,0,0,N,N,NA
F,45-54,3,Democrat,0,0,N,N,NA
F,55-64,2,Democrat,1,29,N,N,NA
M,25-34,3,Other,0,0,N,N,NA
F,35-44,1,Democrat,0,0,N,N,NA
F,25-34,1,Democrat,0,0,N,Y,Email
F,65+,1,Democrat,0,0,N,N,NA
F,25-34,2,Democrat,0,0,N,N,NA
M,45-54,3,Democrat,0,0,N,N,NA
F,65+,3,Independent,0,0,N,N,NA
F,65+,2,Democrat,0,0,N,N,NA
M,55-64,1,Democrat,0,0,N,N,NA
M,18-24,3,Democrat,0,0,N,Y,Twitter
F,65+,1,Independent,0,0,N,N,NA
M,35-44,3,Democrat,0,0,N,N,NA
F,18-24,1,Other,0,0,N,N,NA
M,65+,2,Other,0,0,N,N,NA
M,35-44,2,Democrat,0,0,N,N,NA
M,25-34,3,Democrat,0,0,N,N,NA
F,65+,3,Other,0,0,N,N,NA
F,18-24,1,Democrat,0,0,N,N,NA
F,25-34,1,Independent,0,0,N,N,NA
F,65+,2,Democrat,1,19,N,N,NA
F,18-24,1,Democrat,0,0,N,N,NA
F,25-34,3,Independent,1,19,N,N,NA
M,65+,3,Independent,0,0,N,N,NA
F,45-54,3,Democrat,0,0,N,N,NA
F,55-64,2,Democrat,0,0,N,N,NA
F,35-44,1,Democrat,0,0,N,N,NA
M,18-24,1,Democrat,0,0,N,N,NA
F,25-34,3,Democrat,0,0,N,N,NA
F,25-34,1,Democrat,0,0,N,N,NA
M,65+,1,Democrat,0,0,N,N,NA
M,35-44,2,Democrat,0,0,N,N,NA
F,65+,2,Democrat,0,0,N,N,NA
F,65+,1,Democrat,0,0,N,N,NA
F,45-54,1,Other,0,0,N,N,NA
M,65+,3,Independent,0,0,N,N,NA
F,65+,1,Democrat,0,0,N,N,NA
M,18-24,1,Democrat,0,0,N,N,NA
M,35-44,3,Democrat,0,0,N,N,NA
F,35-44,1,Democrat,0,0,N,N,NA
M,18-24,2,Democrat,0,0,N,N,NA
M,65+,2,Democrat,0,0,N,N,NA
M,55-64,1,Independent,0,0,N,N,NA
F,65+,3,Democrat,0,0,N,N,NA
F,45-54,3,Other,0,0,N,N,NA
M,25-34,1,Democrat,0,0,N,N,NA
F,65+,1,Democrat,0,0,N,N,NA
F,65+,3,Democrat,0,0,N,N,NA
F,65+,1,Democrat,0,0,N,N,NA
F,18-24,1,Democrat,0,0,N,N,NA
M,65+,3,Democrat,0,0,N,N,NA
F,65+,2,Democrat,0,0,N,N,NA
F,35-44,3,Independent,0,0,N,N,NA
M,25-34,3,Democrat,0,0,N,N,NA
F,25-34,2,Democrat,0,0,N,N,NA
F,35-44,1,Democrat,0,0,N,N,NA
M,18-24,2,Democrat,0,0,N,N,NA
F,25-34,1,Independent,0,0,N,N,NA
F,65+,1,Other,0,0,Y,N,NA
F,18-24,3,Democrat,0,0,N,N,NA
M,55-64,2,Other,0,0,N,N,NA
F,45-54,1,Democrat,0,0,N,N,NA
F,65+,1,Independent,0,0,N,N,NA
F,25-34,2,Democrat,0,0,N,N,NA
M,65+,3,Independent,0,0,N,N,NA
M,65+,3,Independent,0,0,N,Y,Email
F,65+,2,Independent,0,0,N,N,NA
M,45-54,1,Democrat,0,0,N,N,NA
F,65+,3,Independent,0,0,N,N,NA
M,65+,1,Democrat,1,30,N,N,NA
M,25-34,3,Democrat,0,0,N,Y,Twitter
F,35-44,1,Democrat,0,0,N,N,NA
F,25-34,3,Democrat,0,0,N,N,NA
M,65+,1,Democrat,0,0,N,Y,Twitter
F,65+,2,Democrat,0,0,N,N,NA
F,25-34,3,Other,0,0,N,N,NA
F,45-54,2,Democrat,1,21,N,N,NA
M,35-44,2,Democrat,0,0,N,N,NA
F,65+,3,Independent,0,0,N,N,NA
M,55-64,1,Other,0,0,N,Y,Twitter
M,25-34,3,Democrat,0,0,N,N,NA
M,25-34,1,Democrat,0,0,N,N,NA
F,25-34,3,Democrat,0,0,N,Y,Twitter
M,18-24,3,Democrat,0,0,N,N,NA
M,65+,3,Democrat,0,0,N,N,NA
F,18-24,1,Other,0,0,N,N,NA
F,65+,1,Democrat,0,0,N,N,NA
M,65+,2,Independent,0,0,N,N,NA
F,18-24,2,Other,0,0,N,N,NA
F,65+,3,Democrat,0,0,N,N,NA
M,18-24,1,Independent,0,0,N,N,NA
F,35-44,2,Independent,0,0,N,N,NA
F,55-64,1,Other,0,0,N,N,NA
M,35-44,2,Independent,0,0,N,N,NA
M,35-44,3,Democrat,0,0,N,N,NA
F,65+,1,Independent,0,0,N,N,NA
M,65+,2,Democrat,0,0,N,N,NA
F,18-24,1,Democrat,0,0,N,N,NA
M,25-34,1,Democrat,0,0,N,N,NA
F,55-64,1,Other,0,0,N,N,NA
F,55-64,2,Democrat,0,0,N,N,NA
M,65+,2,Democrat,0,0,N,N,NA
F,65+,1,Democrat,0,0,N,N,NA
F,65+,1,Democrat,0,0,N,N,NA
F,18-24,3,Democrat,0,0,N,N,NA
F,35-44,2,Democrat,0,0,N,N,NA
M,25-34,1,Democrat,0,0,N,N,NA
M,65+,1,Other,0,0,N,N,NA
F,35-44,1,Democrat,0,0,N,N,NA
M,18-24,3,Other,0,0,N,N,NA
M,18-24,2,Democrat,0,0,N,N,NA
M,18-24,1,Democrat,0,0,N,N,NA
F,65+,2,Democrat,0,0,N,N,NA
F,25-34,3,Democrat,0,0,N,N,NA
M,65+,3,Democrat,0,0,N,N,NA
F,18-24,3,Independent,0,0,N,N,NA
F,25-34,2,Independent,0,0,N,N,NA
F,65+,1,Democrat,0,0,N,N,NA
F,65+,2,Democrat,0,0,N,N,NA
F,65+,2,Democrat,0,0,N,N,NA
M,45-54,2,Democrat,0,0,N,N,NA
M,18-24,3,Independent,0,0,N,N,NA
F,18-24,2,Other,0,0,N,N,NA
F,65+,2,Democrat,0,0,N,N,NA
M,45-54,3,Independent,0,0,N,N,NA
M,55-64,3,Democrat,0,0,N,N,NA
M,65+,3,Independent,0,0,N,N,NA
M,65+,1,Democrat,0,0,N,N,NA
M,65+,2,Democrat,0,0,N,N,NA
M,25-34,2,Democrat,0,0,N,N,NA
M,65+,2,Democrat,0,0,N,N,NA
F,25-34,3,Democrat,0,0,N,Y,Email
M,25-34,3,Democrat,0,0,N,N,NA
M,25-34,1,Democrat,0,0,N,N,NA
F,25-34,3,Other,0,0,N,N,NA
F,65+,1,Independent,0,0,N,N,NA
F,25-34,1,Democrat,0,0,N,N,NA
M,65+,2,Democrat,0,0,N,Y,Email
F,65+,2,Other,0,0,N,N,NA
M,25-34,1,Democrat,0,0,N,N,NA
F,55-64,3,Democrat,0,0,N,N,NA
F,18-24,3,Democrat,0,0,N,N,NA
F,65+,3,Democrat,0,0,N,N,NA
F,55-64,3,Democrat,0,0,N,N,NA
F,65+,1,Democrat,0,0,N,N,NA
M,35-44,3,Other,0,0,Y,N,NA
M,18-24,3,Democrat,0,0,N,N,NA
F,65+,3,Democrat,0,0,N,N,NA
M,18-24,1,Democrat,0,0,N,Y,Twitter
M,55-64,2,Democrat,0,0,N,N,NA
M,18-24,1,Independent,0,0,N,N,NA
M,55-64,2,Independent,1,22,N,N,NA
F,35-44,2,Independent,0,0,N,N,NA
M,45-54,1,Other,0,0,N,N,NA
M,65+,1,Democrat,1,20,N,N,NA
F,65+,2,Democrat,0,0,N,N,NA
M,25-34,1,Independent,0,0,N,N,NA
M,25-34,3,Independent,0,0,N,N,NA
M,25-34,2,Other,0,0,N,N,NA
F,65+,1,Democrat,0,0,N,N,NA
F,65+,1,Democrat,0,0,N,N,NA
M,25-34,3,Democrat,0,0,N,N,NA
F,65+,3,Democrat,0,0,N,N,NA
M,18-24,3,Democrat,0,0,N,N,NA
M,45-54,2,Democrat,0,0,N,N,NA
F,65+,2,Democrat,1,24,N,N,NA
F,65+,2,Democrat,0,0,N,N,NA
F,35-44,2,Democrat,0,0,N,Y,Email
M,65+,2,Independent,0,0,N,N,NA
M,25-34,3,Democrat,0,0,N,N,NA
M,18-24,2,Independent,0,0,N,N,NA
F,65+,3,Democrat,0,0,N,N,NA
F,55-64,3,Democrat,0,0,N,N,NA
M,45-54,1,Other,0,0,N,Y,Email
F,65+,1,Independent,0,0,N,N,NA
M,35-44,2,Independent,0,0,Y,N,NA
M,25-34,2,Democrat,0,0,N,N,NA
M,18-24,3,Other,0,0,N,N,NA
F,35-44,1,Democrat,0,0,N,Y,Twitter
F,18-24,2,Independent,0,0,N,Y,Email
F,65+,1,Independent,0,0,N,N,NA
F,35-44,3,Democrat,0,0,N,N,NA
F,45-54,3,Democrat,0,0,N,N,NA
M,65+,2,Independent,0,0,N,N,NA
M,55-64,1,Democrat,0,0,N,N,NA
F,65+,1,Democrat,0,0,N,N,NA
F,55-64,1,Democrat,0,0,N,N,NA
M,18-24,1,Democrat,0,0,Y,N,NA
F,35-44,1,Democrat,1,17,N,N,NA
F,18-24,3,Democrat,0,0,N,N,NA
F,18-24,3,Independent,0,0,N,N,NA
M,55-64,2,Democrat,0,0,N,N,NA
F,65+,2,Democrat,0,0,N,N,NA
F,55-64,2,Democrat,0,0,N,N,NA
F,65+,3,Democrat,0,0,N,N,NA
F,65+,3,Democrat,0,0,N,Y,Email
M,65+,3,Democrat,0,0,N,N,NA
M,45-54,1,Democrat,0,0,N,N,NA
F,18-24,1,Democrat,0,0,N,N,NA
F,25-34,2,Democrat,0,0,N,Y,Twitter
M,65+,1,Independent,1,20,N,N,NA
F,65+,1,Democrat,0,0,N,N,NA
M,35-44,3,Democrat,0,0,N,N,NA
F,25-34,3,Democrat,0,0,N,Y,Email
F,65+,1,Democrat,0,0,N,N,NA
F,25-34,2,Democrat,0,0,Y,N,NA
M,18-24,2,Democrat,0,0,N,N,NA
M,18-24,1,Democrat,0,0,N,N,NA
F,65+,2,Democrat,0,0,N,N,NA
F,65+,3,Democrat,0,0,Y,N,NA
M,55-64,1,Democrat,0,0,N,N,NA
F,18-24,1,Democrat,0,0,N,N,NA
M,65+,1,Democrat,0,0,N,N,NA
M,25-34,2,Democrat,0,0,N,N,NA
F,18-24,3,Democrat,0,0,N,N,NA
M,65+,1,Democrat,0,0,N,N,NA
M,18-24,1,Democrat,0,0,N,N,NA
M,18-24,2,Democrat,0,0,N,N,NA
M,18-24,2,Independent,0,0,N,N,NA
F,65+,2,Independent,0,0,N,N,NA
M,35-44,2,Democrat,0,0,N,N,NA
M,65+,2,Democrat,0,0,N,N,NA
F,18-24,1,Democrat,0,0,N,N,NA
F,35-44,2,Independent,0,0,N,N,NA
M,18-24,2,Democrat,0,0,N,N,NA
F,65+,2,Democrat,0,0,N,N,NA
M,25-34,2,Democrat,0,0,N,N,NA
M,35-44,2,Independent,0,0,N,N,NA
F,65+,3,Independent,0,0,N,N,NA
M,65+,2,Other,0,0,N,N,NA
M,45-54,3,Democrat,0,0,N,N,NA
M,65+,1,Democrat,0,0,Y,N,NA
F,65+,1,Democrat,0,0,N,N,NA
F,65+,2,Democrat,0,0,N,N,NA
F,25-34,1,Democrat,0,0,N,N,NA
F,25-34,1,Independent,0,0,N,N,NA
F,25-34,1,Other,0,0,N,N,NA
F,65+,3,Other,0,0,N,N,NA
F,25-34,2,Democrat,0,0,N,N,NA
F,18-24,1,Democrat,0,0,N,N,NA
M,65+,2,Democrat,0,0,N,N,NA
M,35-44,1,Independent,0,0,N,N,NA
F,18-24,3,Democrat,0,0,N,Y,Email
F,65+,1,Democrat,0,0,N,N,NA
M,65+,2,Democrat,0,0,N,Y,Twitter
F,65+,2,Democrat,0,0,N,N,NA
M,25-34,3,Democrat,0,0,N,N,NA
F,18-24,1,Democrat,0,0,N,N,NA
F,65+,2,Democrat,0,0,N,N,NA
M,18-24,3,Democrat,0,0,N,N,NA
F,18-24,1,Democrat,0,0,N,Y,Twitter
F,35-44,3,Democrat,0,0,N,N,NA
M,18-24,1,Democrat,0,0,N,N,NA
F,45-54,3,Independent,0,0,N,N,NA
F,65+,1,Democrat,0,0,N,N,NA
M,18-24,2,Democrat,0,0,N,N,NA
F,18-24,3,Democrat,1,39,N,Y,Twitter
F,65+,3,Independent,0,0,N,N,NA
F,65+,2,Democrat,0,0,N,N,NA
F,45-54,1,Democrat,0,0,N,N,NA
F,55-64,3,Democrat,0,0,N,N,NA
F,25-34,2,Democrat,0,0,N,N,NA
F,25-34,1,Independent,0,0,N,N,NA
F,55-64,2,Democrat,0,0,N,N,NA
F,35-44,3,Other,0,0,N,N,NA
M,18-24,2,Democrat,0,0,N,N,NA
F,25-34,2,Democrat,1,28,N,N,NA
M,55-64,1,Democrat,0,0,N,N,NA
F,18-24,3,Democrat,0,0,N,N,NA
F,25-34,2,Democrat,0,0,N,N,NA
M,35-44,2,Independent,0,0,N,Y,Email
M,25-34,3,Democrat,0,0,N,N,NA
F,35-44,2,Democrat,1,24,N,N,NA
F,65+,1,Democrat,0,0,N,N,NA
F,45-54,2,Independent,0,0,N,N,NA
F,45-54,2,Democrat,0,0,N,N,NA
F,25-34,3,Democrat,0,0,N,N,NA
F,18-24,1,Democrat,0,0,N,N,NA
M,65+,3,Democrat,0,0,N,N,NA
F,18-24,2,Democrat,0,0,N,N,NA
F,25-34,2,Democrat,0,0,N,N,NA
M,35-44,3,Democrat,0,0,N,N,NA
F,65+,1,Independent,0,0,N,N,NA
M,25-34,3,Democrat,0,0,N,N,NA
M,65+,1,Democrat,0,0,N,N,NA
F,18-24,2,Democrat,0,0,N,N,NA
M,25-34,1,Democrat,0,0,N,N,NA
M,65+,1,Other,0,0,N,N,NA
F,65+,3,Democrat,0,0,N,N,NA
F,18-24,1,Democrat,0,0,N,N,NA
M,35-44,3,Democrat,0,0,N,N,NA
F,65+,3,Other,1,22,N,N,NA
F,25-34,3,Democrat,0,0,N,Y,Twitter
M,25-34,3,Democrat,0,0,N,N,NA
M,35-44,3,Democrat,0,0,N,N,NA
F,45-54,1,Democrat,0,0,N,N,NA
M,55-64,2,Democrat,0,0,N,N,NA
F,18-24,3,Democrat,0,0,N,N,NA
F,65+,3,Democrat,0,0,N,N,NA
F,65+,3,Democrat,0,0,N,N,NA
F,18-24,1,Democrat,1,23,N,N,NA
F,65+,3,Democrat,0,0,Y,N,NA
F,55-64,3,Democrat,0,0,N,N,NA
F,45-54,2,Democrat,0,0,N,N,NA
M,65+,1,Democrat,0,0,N,N,NA
F,45-54,2,Democrat,0,0,N,N,NA
M,65+,1,Democrat,0,0,N,N,NA
M,35-44,3,Democrat,0,0,N,N,NA
M,65+,3,Democrat,0,0,N,N,NA
M,65+,2,Democrat,0,0,N,N,NA
M,65+,1,Other,0,0,N,N,NA
F,35-44,3,Independent,0,0,N,N,NA
F,65+,2,Independent,0,0,N,N,NA
M,65+,2,Democrat,0,0,N,N,NA
F,35-44,3,Independent,0,0,N,Y,Email
F,35-44,1,Democrat,1,18,N,N,NA
F,18-24,3,Independent,0,0,N,N,NA
F,18-24,2,Democrat,0,0,N,N,NA
F,55-64,3,Democrat,0,0,N,N,NA
F,18-24,3,Democrat,0,0,N,N,NA
F,25-34,1,Democrat,0,0,N,N,NA
F,65+,1,Democrat,0,0,N,N,NA
M,18-24,2,Democrat,0,0,N,N,NA
F,35-44,2,Democrat,0,0,N,N,NA
M,35-44,1,Democrat,0,0,N,N,NA
F,65+,2,Democrat,0,0,N,N,NA
M,25-34,1,Democrat,0,0,N,N,NA
F,18-24,2,Democrat,0,0,N,N,NA
M,18-24,2,Democrat,0,0,N,N,NA
M,65+,3,Independent,0,0,N,N,NA
F,18-24,2,Democrat,0,0,N,N,NA
M,65+,2,Democrat,0,0,N,N,NA
F,65+,3,Other,0,0,N,N,NA
M,25-34,2,Democrat,1,32,N,N,NA
F,65+,3,Independent,0,0,N,N,NA
F,45-54,3,Democrat,0,0,N,N,NA
F,45-54,1,Independent,0,0,N,N,NA
M,35-44,1,Democrat,0,0,N,N,NA
F,65+,2,Democrat,0,0,N,N,NA
M,35-44,2,Democrat,0,0,N,N,NA
M,65+,3,Other,0,0,N,N,NA
F,45-54,2,Independent,0,0,N,N,NA
M,18-24,2,Democrat,0,0,N,N,NA
M,65+,1,Democrat,0,0,N,N,NA
M,65+,3,Other,0,0,N,N,NA
F,55-64,3,Democrat,0,0,N,N,NA
F,55-64,3,Other,0,0,N,N,NA
M,65+,3,Other,0,0,N,N,NA
F,55-64,1,Democrat,0,0,N,N,NA
M,55-64,2,Democrat,0,0,N,N,NA
F,45-54,1,Democrat,0,0,N,N,NA
F,18-24,2,Democrat,1,20,N,N,NA
M,45-54,1,Democrat,0,0,N,N,NA
F,35-44,1,Democrat,0,0,N,N,NA
M,65+,3,Independent,0,0,N,N,NA
F,18-24,2,Democrat,0,0,N,N,NA
F,18-24,3,Democrat,0,0,N,N,NA
M,18-24,1,Independent,0,0,N,N,NA
F,45-54,2,Democrat,0,0,N,N,NA
M,18-24,1,Democrat,0,0,N,N,NA
M,45-54,1,Democrat,0,0,N,N,NA
M,18-24,3,Democrat,0,0,N,N,NA
M,45-54,2,Democrat,1,19,N,N,NA
M,18-24,2,Democrat,0,0,N,N,NA
F,35-44,2,Democrat,0,0,N,N,NA
F,18-24,3,Independent,0,0,N,N,NA
M,65+,1,Democrat,0,0,N,N,NA
F,35-44,1,Democrat,0,0,N,N,NA
M,25-34,1,Independent,0,0,N,N,NA
F,25-34,3,Democrat,0,0,N,N,NA
F,35-44,3,Democrat,0,0,Y,N,NA
F,25-34,2,Democrat,0,0,N,N,NA
F,35-44,1,Democrat,0,0,N,N,NA
F,25-34,1,Democrat,0,0,N,N,NA
M,18-24,2,Democrat,0,0,N,N,NA
F,65+,1,Democrat,0,0,N,N,NA
F,25-34,3,Independent,0,0,N,N,NA
M,25-34,3,Democrat,0,0,N,N,NA
M,55-64,1,Other,0,0,N,N,NA
M,65+,2,Democrat,0,0,N,N,NA
F,65+,3,Other,0,0,N,N,NA
F,35-44,3,Democrat,0,0,N,Y,Email
F,65+,1,Democrat,0,0,N,N,NA
F,65+,1,Democrat,0,0,N,N,NA
M,18-24,2,Democrat,1,19,N,N,NA
M,65+,2,Other,0,0,N,N,NA
F,65+,1,Democrat,0,0,N,N,NA
F,18-24,3,Democrat,0,0,N,N,NA
M,18-24,3,Democrat,0,0,N,N,NA
F,18-24,3,Independent,0,0,N,N,NA
F,35-44,2,Independent,0,0,N,N,NA
F,65+,2,Independent,0,0,N,N,NA
M,65+,2,Democrat,0,0,N,N,NA
M,18-24,2,Democrat,0,0,N,N,NA
F,35-44,3,Democrat,0,0,N,N,NA
M,55-64,3,Independent,0,0,N,Y,Email
F,65+,1,Other,0,0,N,Y,Email
F,25-34,3,Democrat,0,0,N,N,NA
F,25-34,2,Democrat,0,0,N,Y,Email
M,65+,1,Democrat,0,0,N,N,NA
M,25-34,3,Democrat,0,0,N,N,NA
M,25-34,3,Democrat,1,35,N,N,NA
F,65+,3,Democrat,0,0,N,N,NA
F,25-34,1,Democrat,0,0,N,N,NA
F,25-34,3,Democrat,0,0,N,Y,Email
M,65+,3,Democrat,1,38,N,N,NA
M,18-24,3,Independent,0,0,N,N,NA
F,55-64,2,Other,0,0,N,N,NA
M,65+,2,Democrat,0,0,N,N,NA
M,65+,1,Democrat,0,0,N,N,NA
F,65+,2,Democrat,0,0,N,N,NA
M,65+,3,Other,1,19,N,N,NA
F,25-34,2,Democrat,0,0,N,N,NA
F,35-44,3,Democrat,0,0,N,N,NA
F,65+,1,Democrat,0,0,N,N,NA
M,45-54,3,Other,0,0,N,N,NA
M,35-44,3,Democrat,0,0,N,N,NA
F,45-54,1,Democrat,0,0,N,N,NA
F,25-34,2,Independent,0,0,N,N,NA
F,65+,2,Democrat,0,0,N,N,NA
M,18-24,2,Democrat,0,0,N,N,NA
F,18-24,2,Democrat,1,28,N,N,NA
M,25-34,3,Democrat,1,37,N,N,NA
F,25-34,2,Democrat,0,0,N,N,NA
F,18-24,3,Democrat,0,0,N,N,NA
F,25-34,1,Democrat,0,0,N,N,NA
M,55-64,3,Democrat,0,0,N,N,NA
M,18-24,3,Democrat,0,0,N,N,NA
M,65+,3,Democrat,0,0,N,N,NA
M,65+,1,Democrat,0,0,N,N,NA
F,65+,3,Democrat,0,0,N,N,NA
F,18-24,1,Democrat,0,0,N,N,NA
F,45-54,3,Democrat,0,0,N,N,NA
F,35-44,3,Democrat,0,0,N,N,NA
F,65+,3,Democrat,0,0,N,N,NA
M,65+,3,Independent,0,0,N,N,NA
F,65+,1,Democrat,0,0,N,N,NA
M,65+,3,Democrat,0,0,N,N,NA
F,65+,2,Democrat,0,0,N,N,NA
F,55-64,1,Democrat,0,0,N,N,NA
M,65+,2,Democrat,0,0,N,N,NA
F,18-24,2,Independent,0,0,N,N,NA
M,65+,1,Independent,0,0,N,N,NA
M,35-44,2,Democrat,0,0,N,N,NA
M,65+,2,Democrat,0,0,N,N,NA
F,65+,2,Democrat,0,0,N,Y,Twitter
F,18-24,2,Independent,1,15,N,N,NA
F,18-24,2,Democrat,0,0,N,N,NA
F,25-34,2,Democrat,1,30,N,N,NA
M,25-34,3,Independent,0,0,Y,N,NA
M,18-24,1,Other,0,0,N,N,NA
F,25-34,1,Independent,0,0,N,N,NA
M,65+,1,Independent,0,0,N,N,NA
F,18-24,2,Independent,0,0,N,Y,Email
F,35-44,3,Democrat,0,0,N,N,NA
M,18-24,2,Democrat,0,0,N,N,NA
M,18-24,3,Democrat,1,33,N,N,NA
F,45-54,1,Democrat,0,0,N,N,NA
F,45-54,2,Independent,0,0,N,Y,Email
F,18-24,1,Democrat,0,0,N,N,NA
F,65+,1,Independent,0,0,N,N,NA
F,18-24,1,Democrat,0,0,N,N,NA
F,18-24,2,Independent,0,0,N,N,NA
M,18-24,3,Democrat,0,0,Y,Y,Twitter
M,18-24,3,Independent,0,0,N,N,NA
F,45-54,3,Democrat,0,0,N,N,NA
F,25-34,2,Democrat,0,0,N,N,NA
F,18-24,2,Independent,0,0,N,N,NA
F,25-34,2,Democrat,0,0,N,N,NA
F,18-24,1,Other,0,0,N,N,NA
F,45-54,3,Other,0,0,N,N,NA
F,35-44,1,Democrat,0,0,N,N,NA
F,25-34,2,Democrat,0,0,N,N,NA
M,18-24,1,Independent,1,13,N,N,NA
F,25-34,2,Democrat,0,0,N,N,NA
F,18-24,2,Democrat,0,0,N,N,NA
F,35-44,3,Other,0,0,N,N,NA
F,45-54,1,Independent,0,0,N,Y,Email
F,65+,3,Independent,0,0,N,N,NA
F,35-44,1,Democrat,0,0,N,N,NA
F,45-54,3,Democrat,0,0,N,N,NA
M,25-34,3,Democrat,0,0,N,N,NA
F,55-64,1,Democrat,0,0,N,N,NA
M,55-64,1,Democrat,0,0,N,N,NA
M,65+,1,Democrat,0,0,N,N,NA
M,25-34,2,Democrat,0,0,N,N,NA
M,65+,3,Other,0,0,N,N,NA
M,65+,3,Democrat,0,0,N,N,NA
M,35-44,3,Democrat,0,0,N,N,NA
M,55-64,2,Other,0,0,N,N,NA
F,55-64,2,Democrat,0,0,N,N,NA
F,45-54,1,Democrat,0,0,N,N,NA
M,25-34,2,Independent,0,0,N,N,NA
M,45-54,1,Democrat,0,0,N,N,NA
F,25-34,2,Democrat,0,0,N,N,NA
F,55-64,2,Independent,0,0,N,N,NA
M,65+,2,Democrat,0,0,N,N,NA
M,65+,2,Independent,0,0,N,Y,Email
F,55-64,1,Democrat,0,0,N,N,NA
M,65+,1,Independent,0,0,N,N,NA
M,18-24,3,Other,0,0,N,N,NA
F,35-44,3,Democrat,0,0,N,N,NA
F,65+,1,Democrat,0,0,N,N,NA
M,25-34,1,Democrat,0,0,N,N,NA
M,18-24,1,Democrat,1,18,N,N,NA
F,35-44,2,Democrat,0,0,N,N,NA
M,18-24,2,Democrat,0,0,N,N,NA
F,25-34,1,Democrat,0,0,N,N,NA
F,18-24,3,Democrat,0,0,N,N,NA
M,65+,3,Democrat,0,0,N,N,NA
M,25-34,3,Democrat,0,0,N,N,NA
F,45-54,2,Democrat,0,0,N,N,NA
M,65+,3,Independent,0,0,N,N,NA
F,65+,1,Independent,0,0,N,Y,Email
M,35-44,3,Democrat,0,0,N,N,NA
F,55-64,3,Independent,0,0,N,N,NA
F,25-34,3,Democrat,0,0,N,N,NA
M,18-24,1,Democrat,0,0,N,N,NA
F,18-24,1,Democrat,0,0,N,N,NA
M,35-44,2,Democrat,0,0,N,N,NA
F,65+,2,Democrat,0,0,N,N,NA
F,65+,3,Democrat,1,24,N,N,NA
F,45-54,3,Democrat,0,0,N,N,NA
M,18-24,3,Democrat,0,0,N,N,NA
M,65+,3,Independent,0,0,N,N,NA
F,35-44,2,Democrat,0,0,N,N,NA
M,25-34,3,Democrat,0,0,N,N,NA
F,45-54,2,Democrat,0,0,N,N,NA
F,65+,3,Democrat,0,0,N,Y,Email
F,35-44,2,Democrat,1,19,N,N,NA
M,45-54,2,Democrat,0,0,N,N,NA
M,65+,3,Democrat,1,39,N,N,NA
F,65+,3,Democrat,0,0,N,N,NA
M,45-54,3,Independent,0,0,N,N,NA
F,65+,3,Democrat,0,0,N,N,NA
M,18-24,2,Democrat,0,0,N,N,NA
F,65+,2,Democrat,0,0,N,N,NA
F,18-24,1,Democrat,0,0,N,N,NA
F,18-24,3,Independent,0,0,N,N,NA
F,25-34,1,Democrat,0,0,Y,N,NA
M,25-34,2,Democrat,0,0,N,N,NA
F,18-24,1,Democrat,0,0,N,N,NA
F,25-34,3,Democrat,0,0,N,N,NA
F,55-64,2,Independent,0,0,N,N,NA
M,25-34,3,Independent,0,0,N,N,NA
M,25-34,2,Other,0,0,N,N,NA
M,65+,2,Democrat,1,18,N,N,NA
M,18-24,1,Democrat,0,0,N,N,NA
M,65+,1,Other,0,0,N,N,NA
F,65+,1,Democrat,0,0,N,N,NA
F,55-64,2,Independent,0,0,N,N,NA
F,35-44,2,Independent,0,0,N,N,NA
M,65+,3,Democrat,0,0,N,N,NA
M,25-34,3,Independent,0,0,N,N,NA
M,35-44,2,Democrat,0,0,N,N,NA
M,45-54,1,Other,0,0,N,N,NA
F,18-24,1,Democrat,0,0,N,N,NA
F,25-34,1,Democrat,0,0,N,N,NA
M,65+,2,Democrat,0,0,N,N,NA
M,45-54,2,Democrat,0,0,N,N,NA
M,18-24,3,Independent,0,0,N,N,NA
M,65+,1,Democrat,0,0,N,N,NA
M,65+,1,Democrat,0,0,N,N,NA
M,65+,1,Democrat,0,0,N,N,NA
F,35-44,3,Independent,0,0,N,N,NA
M,35-44,2,Independent,0,0,N,N,NA
F,65+,2,Democrat,0,0,N,N,NA
M,65+,3,Democrat,0,0,N,Y,Email
M,45-54,3,Democrat,0,0,N,N,NA
F,18-24,2,Other,0,0,N,N,NA
F,25-34,1,Democrat,0,0,N,Y,Email
F,65+,3,Other,0,0,N,N,NA
M,25-34,1,Democrat,0,0,N,N,NA
F,35-44,1,Democrat,0,0,N,N,NA
M,25-34,2,Democrat,0,0,N,N,NA
F,55-64,2,Democrat,0,0,N,N,NA
M,25-34,2,Democrat,1,28,N,N,NA
F,45-54,3,Democrat,0,0,N,N,NA
M,35-44,2,Independent,0,0,N,N,NA
M,65+,3,Democrat,0,0,N,N,NA
F,25-34,3,Democrat,0,0,N,N,NA
F,25-34,2,Democrat,0,0,N,N,NA
F,65+,1,Other,0,0,N,Y,Email
M,65+,2,Independent,0,0,N,N,NA
M,45-54,2,Independent,0,0,N,N,NA
M,25-34,3,Independent,0,0,N,N,NA
F,35-44,1,Democrat,0,0,N,N,NA
F,65+,3,Democrat,0,0,N,N,NA
F,25-34,3,Democrat,0,0,N,Y,Email
F,25-34,1,Independent,0,0,N,N,NA
M,18-24,3,Democrat,0,0,N,N,NA
F,25-34,3,Democrat,0,0,N,N,NA
M,65+,3,Democrat,0,0,N,N,NA
F,18-24,3,Independent,0,0,N,N,NA
F,65+,2,Democrat,0,0,N,N,NA
F,18-24,1,Democrat,0,0,N,N,NA
F,35-44,2,Democrat,0,0,N,N,NA
M,65+,2,Democrat,0,0,N,N,NA
F,65+,3,Independent,0,0,N,N,NA
M,65+,2,Democrat,0,0,N,N,NA
F,25-34,2,Independent,0,0,N,N,NA
M,55-64,1,Democrat,0,0,N,N,NA
M,65+,2,Democrat,1,22,N,N,NA
M,65+,3,Democrat,0,0,N,N,NA
M,25-34,1,Other,0,0,N,N,NA
F,65+,1,Democrat,0,0,N,N,NA
F,35-44,2,Democrat,0,0,N,N,NA
F,25-34,3,Democrat,0,0,N,N,NA
F,55-64,1,Other,0,0,N,N,NA
F,18-24,1,Democrat,0,0,N,N,NA
F,18-24,1,Democrat,0,0,N,Y,Twitter
F,65+,2,Democrat,0,0,N,N,NA
M,18-24,2,Democrat,0,0,N,N,NA
F,55-64,1,Other,0,0,N,N,NA
M,45-54,1,Democrat,0,0,N,N,NA
F,55-64,2,Democrat,0,0,N,N,NA
M,65+,2,Democrat,0,0,N,N,NA
F,65+,1,Democrat,0,0,N,N,NA
M,25-34,3,Democrat,0,0,N,N,NA
F,65+,1,Democrat,0,0,N,N,NA
M,25-34,2,Democrat,0,0,N,N,NA
F,55-64,2,Democrat,0,0,N,N,NA
M,25-34,1,Democrat,0,0,N,N,NA
M,18-24,1,Democrat,0,0,N,N,NA
M,18-24,3,Democrat,0,0,N,N,NA
M,35-44,3,Independent,0,0,N,N,NA
F,35-44,1,Democrat,0,0,N,N,NA
M,18-24,2,Democrat,0,0,N,Y,Email
M,65+,1,Democrat,0,0,Y,N,NA
M,18-24,1,Democrat,0,0,N,Y,Email
M,65+,3,Democrat,0,0,N,N,NA
M,65+,1,Democrat,0,0,N,N,NA
M,65+,3,Other,0,0,N,N,NA
F,18-24,1,Democrat,1,23,N,N,NA
F,65+,3,Independent,0,0,N,N,NA
M,65+,2,Democrat,0,0,N,N,NA
M,65+,3,Independent,0,0,N,N,NA
M,18-24,2,Democrat,0,0,N,N,NA
M,35-44,3,Democrat,0,0,N,N,NA
F,25-34,3,Democrat,0,0,N,N,NA
M,65+,1,Democrat,0,0,N,N,NA
F,25-34,3,Other,0,0,N,Y,Email
M,45-54,1,Democrat,0,0,N,N,NA
F,65+,2,Independent,0,0,N,N,NA
F,25-34,3,Democrat,1,38,N,N,NA
F,25-34,3,Democrat,0,0,N,N,NA
F,35-44,2,Democrat,0,0,N,N,NA
F,18-24,2,Democrat,1,25,N,N,NA
F,65+,2,Democrat,0,0,N,N,NA
F,18-24,2,Democrat,0,0,N,N,NA
M,65+,3,Independent,0,0,N,N,NA
F,25-34,3,Independent,0,0,N,N,NA
M,55-64,1,Democrat,0,0,N,N,NA
M,65+,1,Democrat,0,0,N,N,NA
M,25-34,3,Democrat,0,0,N,N,NA
F,55-64,3,Democrat,0,0,N,N,NA
M,18-24,1,Democrat,0,0,N,N,NA
M,65+,3,Democrat,0,0,N,N,NA
M,25-34,1,Democrat,0,0,N,N,NA
F,45-54,1,Independent,0,0,N,N,NA
F,55-64,1,Democrat,0,0,N,N,NA
M,55-64,2,Democrat,0,0,N,Y,Twitter
F,55-64,1,Democrat,0,0,N,N,NA
F,25-34,1,Democrat,0,0,N,N,NA
F,25-34,3,Democrat,0,0,N,N,NA
M,65+,1,Democrat,0,0,N,N,NA
M,35-44,3,Democrat,0,0,N,N,NA
M,35-44,1,Democrat,0,0,Y,N,NA
F,65+,3,Democrat,0,0,N,N,NA
F,65+,2,Democrat,0,0,N,N,NA
F,65+,3,Democrat,1,33,N,N,NA
F,35-44,1,Democrat,0,0,N,N,NA
M,55-64,3,Independent,0,0,N,N,NA
M,65+,3,Democrat,0,0,N,N,NA
M,65+,2,Democrat,1,16,Y,N,NA
M,25-34,2,Other,0,0,N,N,NA
F,18-24,2,Democrat,0,0,N,N,NA
F,65+,3,Democrat,0,0,N,N,NA
M,65+,3,Democrat,0,0,N,N,NA
M,35-44,3,Democrat,0,0,N,N,NA
F,35-44,1,Independent,0,0,N,N,NA
F,35-44,2,Democrat,0,0,N,N,NA
M,35-44,3,Democrat,0,0,N,Y,Twitter
M,65+,1,Democrat,0,0,N,N,NA
M,18-24,1,Independent,0,0,N,N,NA
M,55-64,3,Democrat,0,0,N,N,NA
F,35-44,3,Independent,0,0,N,N,NA
F,65+,2,Other,0,0,N,N,NA
M,25-34,3,Independent,0,0,N,N,NA
M,18-24,2,Democrat,0,0,N,N,NA
M,18-24,3,Independent,0,0,N,N,NA
F,18-24,3,Other,0,0,N,Y,Twitter
M,65+,2,Democrat,0,0,N,N,NA
M,55-64,1,Democrat,0,0,N,N,NA
M,25-34,1,Democrat,0,0,N,N,NA
M,35-44,2,Independent,0,0,N,N,NA
F,65+,1,Democrat,0,0,N,N,NA
F,55-64,1,Democrat,0,0,N,N,NA
M,25-34,1,Independent,0,0,N,N,NA
M,65+,1,Democrat,0,0,N,Y,Email
F,65+,1,Democrat,0,0,N,N,NA
F,25-34,2,Democrat,0,0,N,N,NA
F,18-24,1,Independent,0,0,N,N,NA
M,25-34,2,Independent,0,0,N,N,NA
F,45-54,1,Democrat,0,0,N,N,NA
F,65+,2,Other,0,0,N,N,NA
M,65+,2,Independent,1,25,N,N,NA
M,65+,2,Democrat,0,0,N,N,NA
M,18-24,1,Democrat,0,0,N,N,NA
M,65+,1,Independent,0,0,N,N,NA
M,18-24,3,Democrat,0,0,N,N,NA
M,55-64,3,Democrat,0,0,N,N,NA
M,45-54,1,Independent,0,0,N,N,NA
M,65+,3,Democrat,0,0,N,N,NA
M,18-24,1,Democrat,0,0,N,Y,Email
M,65+,3,Independent,0,0,N,N,NA
M,55-64,3,Independent,0,0,N,N,NA
M,65+,2,Democrat,0,0,N,N,NA
M,18-24,1,Other,0,0,N,N,NA
M,55-64,2,Independent,0,0,N,N,NA
M,45-54,3,Independent,0,0,N,N,NA
M,25-34,1,Democrat,0,0,N,N,NA
M,35-44,2,Democrat,0,0,N,N,NA
M,65+,1,Other,0,0,N,N,NA
M,18-24,3,Independent,0,0,N,N,NA
M,25-34,2,Democrat,0,0,N,N,NA
M,45-54,1,Democrat,0,0,N,N,NA
M,18-24,2,Democrat,0,0,N,N,NA
M,35-44,3,Independent,0,0,N,N,NA
M,18-24,2,Democrat,0,0,N,N,NA
F,65+,2,Other,0,0,N,N,NA
F,55-64,1,Independent,0,0,N,N,NA
M,18-24,1,Independent,0,0,N,N,NA
F,25-34,2,Democrat,0,0,N,N,NA
M,35-44,3,Democrat,0,0,N,N,NA
F,55-64,3,Independent,0,0,N,N,NA
F,65+,3,Other,0,0,Y,N,NA
F,18-24,1,Democrat,0,0,N,N,NA
F,18-24,3,Democrat,0,0,N,N,NA
F,45-54,1,Democrat,0,0,N,N,NA
M,45-54,3,Democrat,0,0,N,Y,Email
F,18-24,2,Democrat,0,0,N,N,NA
M,18-24,3,Democrat,0,0,N,N,NA
M,65+,3,Independent,0,0,N,N,NA
M,18-24,3,Democrat,0,0,N,N,NA
F,65+,2,Democrat,0,0,N,N,NA
F,18-24,2,Democrat,0,0,N,N,NA
M,25-34,3,Democrat,0,0,N,N,NA
F,25-34,3,Democrat,1,46,N,N,NA
F,35-44,2,Democrat,0,0,N,N,NA
F,25-34,1,Democrat,0,0,N,N,NA
M,65+,1,Democrat,0,0,N,N,NA
F,55-64,1,Democrat,0,0,N,N,NA
F,65+,2,Other,0,0,N,N,NA
F,25-34,3,Democrat,0,0,N,N,NA
F,65+,1,Democrat,0,0,N,N,NA
M,25-34,3,Democrat,0,0,N,N,NA
F,18-24,3,Democrat,0,0,N,N,NA
F,65+,2,Democrat,0,0,N,N,NA
M,65+,2,Independent,0,0,N,N,NA
F,65+,3,Independent,0,0,N,N,NA
F,18-24,2,Democrat,0,0,N,N,NA
M,55-64,3,Democrat,0,0,N,Y,Email
M,65+,3,Other,0,0,N,N,NA
F,18-24,2,Independent,0,0,N,N,NA
M,45-54,3,Other,0,0,N,Y,Email
M,25-34,3,Democrat,0,0,N,N,NA
F,65+,2,Democrat,0,0,N,Y,Email
F,25-34,2,Democrat,0,0,N,N,NA
F,18-24,2,Democrat,1,21,N,N,NA
M,65+,2,Independent,0,0,N,N,NA
M,18-24,1,Independent,0,0,N,N,NA
F,65+,3,Democrat,0,0,N,N,NA
M,25-34,3,Democrat,0,0,N,N,NA
F,25-34,3,Democrat,0,0,N,N,NA
M,18-24,3,Other,0,0,N,Y,Twitter
M,35-44,3,Independent,0,0,N,Y,Email
F,65+,2,Democrat,1,20,N,N,NA
M,65+,2,Democrat,0,0,N,N,NA
F,18-24,3,Democrat,0,0,N,N,NA
F,25-34,1,Democrat,0,0,N,N,NA
M,65+,3,Democrat,0,0,N,Y,Twitter
M,55-64,1,Democrat,1,16,N,N,NA
F,65+,1,Democrat,0,0,N,N,NA
M,18-24,1,Democrat,0,0,N,N,NA
M,35-44,2,Independent,0,0,N,N,NA
F,65+,3,Democrat,0,0,N,N,NA
M,18-24,3,Democrat,0,0,N,N,NA
F,25-34,3,Democrat,0,0,N,N,NA
F,25-34,2,Democrat,0,0,N,N,NA
M,25-34,2,Independent,0,0,N,N,NA
F,65+,2,Independent,0,0,N,N,NA
F,18-24,3,Democrat,0,0,N,N,NA
M,35-44,2,Democrat,0,0,N,N,NA
F,65+,2,Independent,0,0,N,Y,Email
M,65+,3,Democrat,0,0,N,N,NA
F,25-34,1,Democrat,0,0,N,N,NA
M,35-44,3,Democrat,0,0,N,N,NA
F,18-24,2,Democrat,0,0,Y,N,NA
F,18-24,3,Democrat,0,0,N,N,NA
F,35-44,3,Democrat,0,0,N,N,NA
M,65+,1,Democrat,0,0,Y,N,NA
F,25-34,3,Democrat,0,0,N,N,NA
M,35-44,1,Democrat,0,0,N,Y,Email
F,65+,1,Democrat,0,0,N,N,NA
F,25-34,1,Independent,0,0,N,N,NA
F,65+,3,Democrat,0,0,N,N,NA
F,65+,1,Democrat,0,0,N,N,NA
F,65+,3,Democrat,0,0,N,N,NA
M,18-24,3,Independent,0,0,N,N,NA
F,65+,3,Independent,0,0,N,N,NA
F,25-34,1,Democrat,0,0,N,N,NA
F,35-44,2,Democrat,0,0,N,N,NA
M,45-54,1,Democrat,0,0,N,N,NA
M,18-24,2,Democrat,0,0,N,N,NA
M,18-24,3,Democrat,0,0,N,N,NA
M,65+,1,Democrat,0,0,N,N,NA
F,18-24,1,Other,0,0,N,N,NA
M,18-24,1,Democrat,0,0,N,N,NA
M,65+,3,Independent,0,0,N,N,NA
F,35-44,3,Democrat,0,0,N,N,NA
M,35-44,3,Independent,0,0,N,N,NA
M,25-34,1,Other,0,0,N,N,NA
M,55-64,3,Democrat,0,0,N,N,NA
M,65+,2,Democrat,0,0,N,N,NA
M,25-34,1,Democrat,0,0,N,N,NA
F,18-24,1,Democrat,0,0,N,N,NA
M,65+,1,Democrat,0,0,N,N,NA
F,65+,1,Democrat,0,0,N,N,NA
F,18-24,1,Democrat,0,0,N,Y,Twitter
M,35-44,2,Other,0,0,N,N,NA
M,35-44,2,Independent,0,0,N,N,NA
M,65+,3,Democrat,0,0,N,N,NA
F,25-34,1,Independent,0,0,N,N,NA
F,18-24,1,Democrat,0,0,N,N,NA
M,65+,1,Democrat,0,0,N,N,NA
F,18-24,1,Independent,0,0,N,N,NA
M,65+,1,Democrat,0,0,N,N,NA
M,25-34,1,Democrat,0,0,N,N,NA
F,65+,3,Democrat,0,0,N,N,NA
M,25-34,2,Democrat,0,0,N,N,NA
F,18-24,3,Independent,0,0,N,N,NA
F,65+,2,Democrat,0,0,N,N,NA
F,45-54,1,Democrat,0,0,N,N,NA
F,25-34,2,Democrat,0,0,N,N,NA
F,65+,3,Democrat,0,0,N,N,NA
F,65+,2,Democrat,0,0,N,Y,Email
M,18-24,3,Democrat,0,0,N,N,NA
F,25-34,1,Other,0,0,N,N,NA
F,65+,3,Other,0,0,N,N,NA
M,25-34,1,Democrat,0,0,N,N,NA
F,18-24,2,Democrat,0,0,N,N,NA
F,55-64,3,Democrat,0,0,N,N,NA
M,65+,1,Democrat,0,0,N,N,NA
M,45-54,3,Democrat,0,0,N,N,NA
M,18-24,2,Democrat,0,0,N,N,NA
F,25-34,2,Democrat,0,0,N,N,NA
M,18-24,1,Independent,0,0,N,N,NA
M,25-34,2,Democrat,0,0,N,N,NA
F,65+,3,Democrat,0,0,N,N,NA
F,18-24,2,Democrat,0,0,N,N,NA
F,35-44,1,Democrat,0,0,N,N,NA
M,45-54,2,Democrat,0,0,N,N,NA
M,65+,3,Independent,0,0,N,N,NA
M,25-34,3,Democrat,0,0,N,N,NA
M,65+,2,Independent,0,0,N,N,NA
M,25-34,3,Independent,0,0,N,N,NA
F,18-24,3,Democrat,0,0,N,N,NA
M,18-24,3,Independent,0,0,N,N,NA
F,65+,1,Democrat,0,0,N,Y,Email
F,55-64,3,Democrat,0,0,N,N,NA
M,45-54,3,Independent,0,0,N,N,NA
M,65+,2,Democrat,0,0,N,N,NA
M,55-64,3,Democrat,0,0,N,N,NA
M,25-34,2,Democrat,0,0,N,N,NA
F,65+,2,Democrat,0,0,N,N,NA
M,18-24,3,Independent,0,0,N,N,NA
F,25-34,2,Democrat,0,0,N,N,NA
F,65+,2,Independent,0,0,N,N,NA
M,65+,1,Democrat,0,0,N,N,NA
M,18-24,3,Democrat,0,0,N,N,NA
F,18-24,2,Independent,0,0,N,N,NA
M,35-44,2,Democrat,0,0,N,N,NA
M,65+,2,Democrat,0,0,N,N,NA
M,65+,3,Democrat,1,38,N,N,NA
M,35-44,1,Democrat,0,0,N,N,NA
F,18-24,3,Other,0,0,N,N,NA
M,65+,2,Other,0,0,N,N,NA
F,25-34,1,Democrat,0,0,N,N,NA
M,45-54,1,Independent,0,0,N,N,NA
M,18-24,3,Democrat,0,0,N,N,NA
F,55-64,3,Democrat,0,0,N,Y,Email
M,65+,2,Democrat,0,0,N,N,NA
F,35-44,2,Independent,0,0,N,N,NA
M,65+,2,Democrat,0,0,N,N,NA
M,18-24,1,Other,0,0,N,N,NA
F,25-34,3,Democrat,0,0,Y,N,NA
F,18-24,1,Other,1,18,N,N,NA
M,55-64,3,Democrat,0,0,N,N,NA
F,25-34,2,Democrat,0,0,N,N,NA
M,65+,2,Democrat,0,0,N,N,NA
F,65+,1,Independent,0,0,N,N,NA
F,65+,1,Democrat,0,0,N,N,NA
F,18-24,3,Democrat,0,0,N,N,NA
F,18-24,3,Independent,0,0,N,N,NA
F,65+,1,Democrat,0,0,N,N,NA
M,25-34,3,Democrat,0,0,N,Y,Email
M,65+,1,Other,0,0,N,N,NA
M,25-34,3,Democrat,0,0,N,N,NA
F,35-44,3,Democrat,0,0,N,N,NA
M,35-44,2,Democrat,0,0,N,N,NA
M,18-24,1,Democrat,0,0,N,N,NA
F,35-44,2,Independent,0,0,N,N,NA
M,45-54,2,Independent,0,0,N,N,NA
M,18-24,1,Democrat,0,0,N,N,NA
F,35-44,2,Democrat,0,0,N,N,NA
M,18-24,3,Democrat,1,29,N,N,NA
F,55-64,3,Independent,0,0,N,N,NA
F,25-34,1,Democrat,0,0,N,N,NA
M,55-64,2,Democrat,0,0,N,N,NA
F,18-24,1,Independent,0,0,N,N,NA
F,45-54,2,Other,0,0,N,N,NA
M,45-54,2,Democrat,0,0,N,N,NA
M,45-54,3,Democrat,0,0,N,N,NA
F,45-54,3,Other,0,0,N,N,NA
F,65+,2,Independent,0,0,N,N,NA
M,35-44,1,Other,0,0,N,N,NA
F,65+,2,Independent,0,0,N,N,NA
M,25-34,2,Democrat,0,0,N,N,NA
M,18-24,3,Democrat,0,0,N,Y,Email
F,65+,2,Independent,0,0,N,N,NA
F,25-34,1,Democrat,0,0,N,N,NA
M,55-64,2,Democrat,0,0,N,N,NA
F,65+,1,Democrat,0,0,N,N,NA
M,35-44,3,Democrat,0,0,N,N,NA
F,25-34,3,Democrat,0,0,N,N,NA
M,65+,3,Independent,0,0,N,N,NA
M,65+,1,Independent,0,0,N,N,NA
M,25-34,3,Other,0,0,N,N,NA
M,45-54,3,Other,0,0,N,N,NA
F,65+,2,Independent,0,0,N,N,NA
F,18-24,1,Democrat,0,0,N,N,NA
F,18-24,3,Democrat,0,0,N,N,NA
F,65+,3,Democrat,0,0,N,N,NA
F,18-24,2,Democrat,0,0,N,N,NA
M,65+,2,Democrat,0,0,N,N,NA
M,65+,3,Independent,0,0,N,N,NA
F,55-64,3,Democrat,0,0,N,N,NA
F,55-64,2,Democrat,0,0,N,N,NA
F,18-24,2,Democrat,0,0,N,N,NA
M,18-24,1,Democrat,1,22,N,N,NA
M,35-44,2,Democrat,0,0,N,N,NA
M,65+,3,Democrat,0,0,N,N,NA
M,65+,2,Democrat,0,0,N,N,NA
F,45-54,3,Democrat,0,0,N,N,NA
F,18-24,2,Democrat,0,0,N,N,NA
F,25-34,2,Democrat,0,0,N,N,NA
M,35-44,1,Democrat,0,0,N,N,NA
F,65+,1,Other,0,0,N,N,NA
M,65+,3,Democrat,0,0,N,N,NA
F,18-24,1,Independent,0,0,N,N,NA
F,18-24,1,Democrat,0,0,N,N,NA
M,18-24,3,Democrat,0,0,N,N,NA
F,65+,1,Other,0,0,N,N,NA
F,25-34,3,Other,0,0,N,N,NA
M,55-64,1,Independent,0,0,N,N,NA
F,25-34,2,Democrat,1,27,N,N,NA
M,35-44,2,Other,0,0,N,N,NA
F,25-34,2,Democrat,0,0,Y,N,NA
F,18-24,2,Democrat,0,0,N,N,NA
F,18-24,2,Other,0,0,N,N,NA
M,35-44,1,Democrat,0,0,N,N,NA
M,18-24,3,Democrat,0,0,N,N,NA
M,55-64,1,Independent,0,0,N,N,NA
F,65+,2,Democrat,0,0,N,N,NA
M,45-54,1,Democrat,0,0,N,N,NA
M,65+,1,Independent,0,0,N,N,NA
M,18-24,2,Democrat,0,0,N,N,NA
F,18-24,3,Independent,0,0,N,N,NA
F,65+,1,Independent,0,0,N,N,NA
M,18-24,1,Other,0,0,N,N,NA
M,18-24,3,Democrat,0,0,N,N,NA
F,55-64,1,Democrat,0,0,N,N,NA
F,65+,1,Democrat,0,0,N,N,NA
M,65+,2,Democrat,0,0,N,N,NA
M,25-34,1,Democrat,0,0,N,N,NA
F,45-54,2,Democrat,0,0,N,N,NA
M,18-24,1,Democrat,0,0,N,N,NA
M,55-64,2,Democrat,0,0,N,N,NA
M,25-34,1,Democrat,0,0,N,N,NA
F,35-44,2,Democrat,0,0,N,N,NA
F,45-54,1,Democrat,0,0,N,N,NA
M,65+,1,Democrat,1,22,N,N,NA
F,25-34,3,Independent,0,0,N,N,NA
F,65+,1,Democrat,0,0,N,N,NA
M,18-24,3,Other,0,0,N,N,NA
M,18-24,1,Democrat,0,0,N,N,NA
F,35-44,1,Democrat,0,0,N,N,NA
F,45-54,2,Democrat,0,0,N,N,NA
F,18-24,2,Other,0,0,N,N,NA
F,35-44,3,Independent,0,0,N,N,NA
F,18-24,3,Democrat,0,0,N,N,NA
M,65+,1,Independent,0,0,N,N,NA
F,65+,2,Other,0,0,N,N,NA
F,55-64,3,Independent,0,0,N,N,NA
M,25-34,1,Democrat,0,0,N,N,NA
M,18-24,1,Independent,0,0,N,N,NA
F,65+,2,Democrat,0,0,N,N,NA
F,25-34,3,Democrat,1,40,N,N,NA
M,35-44,3,Democrat,1,41,N,Y,Twitter
M,45-54,3,Democrat,0,0,N,N,NA
F,25-34,1,Democrat,0,0,N,Y,Email
F,35-44,1,Democrat,0,0,N,N,NA
F,18-24,2,Independent,0,0,N,N,NA
M,25-34,3,Democrat,0,0,N,N,NA
F,25-34,2,Democrat,0,0,N,N,NA
F,25-34,1,Independent,0,0,N,N,NA
M,65+,2,Independent,1,19,N,N,NA
F,18-24,2,Independent,0,0,N,N,NA
F,45-54,1,Democrat,0,0,N,N,NA
F,25-34,3,Democrat,0,0,N,N,NA
F,25-34,2,Democrat,0,0,N,N,NA
M,65+,3,Democrat,0,0,N,N,NA
M,65+,3,Democrat,0,0,N,N,NA
M,18-24,1,Democrat,0,0,N,N,NA
M,35-44,2,Independent,0,0,N,N,NA
F,65+,2,Democrat,0,0,N,N,NA
F,35-44,2,Other,0,0,N,N,NA
F,55-64,3,Independent,0,0,N,N,NA
F,45-54,1,Democrat,0,0,N,N,NA
M,65+,2,Democrat,0,0,N,N,NA
F,45-54,2,Democrat,0,0,N,N,NA
F,25-34,3,Other,0,0,N,N,NA
F,35-44,2,Democrat,0,0,N,N,NA
M,35-44,1,Democrat,0,0,N,N,NA
F,25-34,1,Democrat,0,0,N,Y,Email
F,65+,3,Democrat,0,0,N,N,NA
M,25-34,2,Other,0,0,N,N,NA
M,45-54,2,Democrat,0,0,N,N,NA
M,25-34,1,Independent,0,0,N,N,NA
M,25-34,3,Democrat,0,0,N,N,NA
M,65+,2,Independent,0,0,N,N,NA
F,65+,2,Democrat,0,0,N,Y,Twitter
F,18-24,1,Democrat,0,0,N,N,NA
F,18-24,3,Democrat,0,0,N,N,NA
F,65+,2,Democrat,0,0,N,N,NA
F,18-24,1,Democrat,0,0,Y,N,NA
F,35-44,2,Democrat,0,0,N,N,NA
M,18-24,1,Independent,0,0,N,N,NA
F,18-24,1,Independent,0,0,N,N,NA
M,65+,2,Independent,0,0,N,N,NA
F,25-34,1,Independent,0,0,N,N,NA
M,25-34,1,Democrat,0,0,Y,N,NA
M,65+,1,Democrat,0,0,N,N,NA
F,55-64,1,Democrat,0,0,N,N,NA
M,18-24,3,Democrat,0,0,N,N,NA
F,65+,1,Democrat,0,0,N,N,NA
F,65+,2,Democrat,0,0,N,N,NA
F,25-34,1,Democrat,0,0,N,N,NA
M,25-34,2,Democrat,0,0,N,N,NA
M,25-34,2,Other,0,0,N,N,NA
M,25-34,2,Democrat,0,0,N,N,NA
F,55-64,1,Independent,0,0,N,N,NA
M,45-54,1,Other,0,0,N,N,NA
M,25-34,1,Democrat,0,0,N,N,NA
M,35-44,3,Democrat,0,0,N,N,NA
F,25-34,2,Democrat,0,0,N,N,NA
F,35-44,3,Democrat,0,0,N,N,NA
F,45-54,1,Democrat,0,0,N,Y,Email
M,18-24,2,Democrat,0,0,N,N,NA
F,25-34,2,Democrat,0,0,N,N,NA
M,25-34,2,Democrat,0,0,N,N,NA
M,65+,1,Independent,1,15,N,N,NA
M,18-24,2,Democrat,0,0,N,N,NA
M,55-64,3,Democrat,0,0,N,N,NA
F,25-34,1,Democrat,1,26,N,N,NA
M,65+,2,Democrat,0,0,N,N,NA
F,55-64,3,Democrat,0,0,N,N,NA
M,35-44,3,Democrat,0,0,N,N,NA
F,18-24,3,Democrat,0,0,N,Y,Email
M,18-24,2,Independent,0,0,N,N,NA
F,25-34,1,Democrat,0,0,N,N,NA
M,65+,3,Independent,0,0,N,N,NA
M,45-54,3,Democrat,0,0,Y,N,NA
F,25-34,1,Democrat,0,0,N,N,NA
M,45-54,3,Democrat,0,0,N,N,NA
F,65+,2,Democrat,0,0,N,N,NA
F,65+,3,Independent,0,0,N,N,NA
F,18-24,1,Democrat,0,0,N,N,NA
M,55-64,2,Democrat,0,0,N,N,NA
F,25-34,3,Democrat,0,0,N,N,NA
F,65+,3,Independent,0,0,N,N,NA
M,25-34,1,Democrat,0,0,N,N,NA
F,35-44,2,Democrat,0,0,N,N,NA
F,65+,2,Democrat,0,0,N,N,NA
F,25-34,2,Democrat,0,0,N,N,NA
M,18-24,3,Democrat,0,0,N,Y,Twitter
F,55-64,2,Democrat,0,0,N,N,NA
F,65+,2,Democrat,0,0,N,N,NA
M,25-34,2,Democrat,0,0,N,Y,Twitter
F,25-34,2,Democrat,0,0,N,N,NA
F,65+,2,Democrat,0,0,N,N,NA
M,65+,1,Democrat,0,0,N,N,NA
F,18-24,1,Independent,0,0,N,N,NA
M,18-24,2,Independent,0,0,N,N,NA
F,18-24,2,Democrat,0,0,N,N,NA
M,18-24,2,Democrat,0,0,N,N,NA
M,25-34,2,Other,0,0,N,N,NA
F,25-34,3,Democrat,0,0,N,N,NA
F,65+,1,Democrat,0,0,N,N,NA
M,35-44,1,Independent,0,0,N,Y,Email
M,18-24,2,Democrat,0,0,N,N,NA
M,25-34,2,Democrat,0,0,N,N,NA
F,65+,1,Democrat,0,0,N,N,NA
M,65+,2,Democrat,0,0,N,N,NA
M,25-34,1,Democrat,0,0,N,N,NA
M,65+,1,Democrat,0,0,N,N,NA
F,35-44,3,Democrat,0,0,N,N,NA
F,18-24,1,Independent,0,0,N,N,NA
M,18-24,1,Democrat,0,0,N,N,NA
F,18-24,1,Democrat,0,0,N,N,NA
M,18-24,1,Democrat,0,0,N,N,NA
F,18-24,1,Democrat,0,0,N,N,NA
F,45-54,1,Democrat,0,0,N,Y,Twitter
F,25-34,2,Democrat,0,0,N,N,NA
M,65+,3,Democrat,0,0,N,N,NA
M,65+,3,Democrat,0,0,N,N,NA
F,65+,3,Independent,0,0,N,N,NA
M,35-44,1,Democrat,0,0,Y,N,NA
F,65+,2,Democrat,0,0,N,Y,Twitter
M,25-34,2,Other,0,0,N,N,NA
M,45-54,1,Democrat,0,0,N,N,NA
F,25-34,2,Independent,0,0,N,N,NA
M,25-34,2,Democrat,0,0,N,N,NA
F,25-34,1,Democrat,0,0,N,N,NA
M,45-54,3,Independent,0,0,N,N,NA
F,18-24,1,Independent,0,0,N,N,NA
F,25-34,1,Independent,0,0,N,N,NA
F,45-54,1,Democrat,0,0,N,N,NA
F,65+,2,Independent,0,0,N,N,NA
M,35-44,2,Democrat,0,0,N,N,NA
F,35-44,3,Democrat,0,0,N,N,NA
M,35-44,2,Independent,0,0,N,N,NA
F,25-34,1,Other,0,0,N,N,NA
F,18-24,2,Democrat,0,0,N,N,NA
M,65+,1,Democrat,1,28,N,N,NA
F,55-64,2,Democrat,0,0,N,N,NA
F,25-34,1,Democrat,0,0,N,N,NA
F,25-34,2,Democrat,0,0,N,Y,Email
M,25-34,1,Independent,0,0,N,N,NA
M,65+,2,Other,0,0,N,N,NA
F,45-54,3,Democrat,0,0,N,N,NA
F,18-24,1,Democrat,0,0,N,N,NA
F,18-24,2,Independent,0,0,N,Y,Twitter
M,25-34,1,Democrat,0,0,N,Y,Email
F,18-24,1,Democrat,0,0,N,N,NA
F,45-54,1,Democrat,0,0,N,N,NA
F,18-24,1,Democrat,0,0,Y,N,NA
F,18-24,2,Democrat,1,24,N,N,NA
M,65+,2,Independent,0,0,N,Y,Twitter
M,55-64,1,Democrat,0,0,N,N,NA
M,65+,3,Democrat,0,0,N,N,NA
M,65+,2,Democrat,0,0,N,N,NA
M,25-34,3,Independent,0,0,N,N,NA
M,18-24,2,Democrat,0,0,N,N,NA
M,45-54,3,Independent,0,0,N,N,NA
M,65+,2,Democrat,0,0,N,N,NA
F,18-24,1,Democrat,0,0,N,N,NA
M,65+,1,Democrat,0,0,N,N,NA
F,65+,2,Democrat,0,0,N,N,NA
F,65+,3,Other,0,0,N,N,NA
F,18-24,3,Independent,0,0,N,N,NA
F,55-64,3,Democrat,0,0,N,N,NA
M,65+,1,Democrat,0,0,N,Y,Email
F,18-24,3,Democrat,0,0,N,N,NA
M,65+,2,Democrat,0,0,N,N,NA
F,35-44,2,Democrat,0,0,N,N,NA
M,18-24,2,Democrat,0,0,N,N,NA
M,55-64,3,Democrat,0,0,N,N,NA
M,18-24,3,Democrat,0,0,N,N,NA
M,25-34,2,Democrat,0,0,N,N,NA
M,25-34,1,Democrat,0,0,N,N,NA
F,18-24,2,Democrat,1,22,N,N,NA
M,35-44,1,Democrat,0,0,N,N,NA
M,25-34,1,Democrat,0,0,N,N,NA
F,65+,2,Democrat,0,0,N,N,NA
F,65+,2,Democrat,0,0,N,N,NA
M,18-24,3,Other,0,0,N,N,NA
M,18-24,3,Independent,0,0,N,N,NA
F,18-24,3,Independent,0,0,N,N,NA
F,45-54,2,Independent,0,0,N,Y,Email
M,65+,2,Democrat,0,0,N,N,NA
F,65+,1,Independent,0,0,N,N,NA
M,35-44,1,Democrat,0,0,N,Y,Email
M,25-34,3,Democrat,0,0,N,N,NA
F,25-34,1,Democrat,1,21,N,N,NA
F,18-24,1,Democrat,0,0,N,N,NA
M,25-34,2,Democrat,0,0,N,N,NA
M,18-24,3,Democrat,0,0,N,N,NA
M,25-34,1,Other,0,0,N,N,NA
M,25-34,2,Independent,0,0,N,N,NA
M,18-24,3,Democrat,0,0,N,Y,Twitter
M,25-34,1,Independent,0,0,Y,N,NA
F,35-44,3,Democrat,0,0,N,N,NA
M,65+,1,Democrat,0,0,N,N,NA
M,65+,1,Democrat,0,0,N,N,NA
M,45-54,2,Independent,0,0,N,N,NA
F,65+,3,Other,0,0,N,N,NA
M,55-64,2,Democrat,0,0,N,N,NA
M,45-54,3,Democrat,0,0,N,Y,Email
M,18-24,2,Independent,0,0,N,Y,Twitter
F,45-54,3,Democrat,0,0,N,N,NA
F,65+,2,Democrat,0,0,N,N,NA
F,18-24,3,Democrat,0,0,N,N,NA
F,18-24,2,Other,0,0,N,N,NA
F,25-34,3,Other,0,0,N,Y,Email
F,18-24,3,Democrat,0,0,N,N,NA
M,65+,2,Democrat,0,0,N,N,NA
F,25-34,3,Democrat,0,0,N,N,NA
M,45-54,1,Independent,0,0,N,N,NA
F,65+,2,Democrat,0,0,N,N,NA
F,55-64,2,Independent,0,0,N,N,NA
M,45-54,2,Other,0,0,N,N,NA
M,65+,1,Democrat,0,0,N,N,NA
M,55-64,2,Democrat,0,0,N,N,NA
M,65+,3,Democrat,0,0,N,N,NA
F,65+,1,Democrat,1,16,N,N,NA
M,18-24,2,Democrat,0,0,N,N,NA
M,65+,1,Democrat,0,0,N,N,NA
M,65+,3,Democrat,1,44,N,N,NA
M,25-34,2,Democrat,0,0,N,N,NA
M,55-64,3,Independent,0,0,N,N,NA
M,65+,2,Other,0,0,N,N,NA
M,45-54,1,Democrat,0,0,N,N,NA
M,25-34,3,Other,0,0,N,N,NA
M,65+,1,Independent,0,0,N,N,NA
M,55-64,2,Democrat,0,0,N,N,NA
F,45-54,2,Democrat,0,0,N,N,NA
M,25-34,3,Democrat,0,0,N,N,NA
F,25-34,2,Democrat,0,0,N,N,NA
F,18-24,2,Democrat,0,0,N,N,NA
F,18-24,3,Democrat,0,0,N,Y,Email
M,25-34,3,Democrat,0,0,N,N,NA
M,65+,3,Democrat,0,0,N,N,NA
M,18-24,1,Democrat,1,21,N,N,NA
M,35-44,3,Democrat,0,0,N,N,NA
M,65+,3,Independent,0,0,N,N,NA
F,18-24,2,Democrat,0,0,N,N,NA
F,18-24,2,Democrat,0,0,N,N,NA
M,45-54,1,Independent,0,0,N,N,NA
M,18-24,3,Democrat,0,0,N,N,NA
F,45-54,3,Democrat,0,0,N,N,NA
F,25-34,2,Independent,0,0,N,N,NA
F,65+,3,Independent,1,18,N,N,NA
M,65+,3,Democrat,1,38,N,N,NA
F,65+,2,Democrat,0,0,N,N,NA
F,65+,3,Democrat,0,0,N,N,NA
M,45-54,2,Democrat,0,0,N,N,NA
M,25-34,2,Independent,0,0,N,Y,Twitter
M,18-24,2,Democrat,0,0,Y,N,NA
F,55-64,2,Independent,0,0,N,N,NA
M,25-34,1,Democrat,0,0,N,N,NA
M,65+,3,Democrat,0,0,N,N,NA
F,18-24,2,Democrat,1,22,N,N,NA
M,25-34,2,Independent,0,0,N,N,NA
M,65+,2,Other,0,0,N,N,NA
F,18-24,2,Democrat,0,0,N,N,NA
F,35-44,1,Independent,0,0,N,N,NA
M,65+,2,Other,0,0,N,N,NA
M,18-24,1,Independent,0,0,N,N,NA
M,65+,2,Democrat,0,0,N,N,NA
M,65+,2,Democrat,0,0,N,N,NA
M,18-24,3,Democrat,0,0,N,Y,Email
M,18-24,3,Independent,0,0,N,N,NA
F,18-24,1,Democrat,0,0,N,N,NA
M,65+,1,Democrat,0,0,N,N,NA
M,55-64,2,Democrat,0,0,N,N,NA
F,35-44,2,Independent,0,0,N,N,NA
F,35-44,1,Democrat,1,16,N,N,NA
F,55-64,3,Democrat,0,0,N,N,NA
M,65+,2,Independent,0,0,N,N,NA
M,25-34,2,Democrat,1,22,N,N,NA
F,65+,2,Democrat,0,0,N,N,NA
F,45-54,2,Independent,0,0,N,N,NA
F,18-24,2,Independent,0,0,N,N,NA
M,65+,3,Democrat,0,0,N,N,NA
F,18-24,1,Democrat,0,0,N,N,NA
M,65+,1,Democrat,0,0,N,N,NA
M,65+,1,Democrat,1,23,N,N,NA
M,65+,2,Other,0,0,N,N,NA
F,45-54,1,Democrat,0,0,N,N,NA
M,65+,3,Democrat,0,0,N,N,NA
M,18-24,1,Democrat,0,0,N,N,NA
M,25-34,2,Independent,0,0,N,N,NA
M,18-24,3,Independent,0,0,N,N,NA
M,35-44,1,Democrat,0,0,N,N,NA
F,18-24,1,Democrat,0,0,N,N,NA
F,25-34,1,Independent,0,0,N,N,NA
M,65+,3,Democrat,0,0,Y,N,NA
F,35-44,3,Democrat,0,0,N,N,NA
F,65+,2,Democrat,0,0,N,N,NA
M,65+,1,Democrat,0,0,N,Y,Email
M,25-34,1,Democrat,0,0,N,N,NA
F,65+,3,Democrat,0,0,N,N,NA
F,35-44,3,Democrat,0,0,N,N,NA
F,25-34,3,Democrat,0,0,N,N,NA
F,65+,2,Independent,0,0,N,N,NA
M,65+,3,Independent,0,0,N,N,NA
F,55-64,3,Democrat,0,0,N,Y,Email
M,55-64,2,Other,0,0,N,N,NA
F,35-44,1,Independent,0,0,Y,Y,Email
M,65+,3,Independent,0,0,N,N,NA
M,65+,3,Democrat,0,0,N,N,NA
M,35-44,1,Independent,0,0,N,N,NA
F,25-34,3,Democrat,0,0,N,N,NA
F,35-44,3,Democrat,0,0,N,N,NA
F,18-24,2,Other,0,0,N,N,NA
F,35-44,1,Democrat,0,0,N,N,NA
M,45-54,3,Democrat,1,33,N,N,NA
M,18-24,3,Democrat,0,0,N,N,NA
M,65+,1,Democrat,0,0,N,N,NA
M,35-44,3,Independent,0,0,N,N,NA
F,25-34,2,Democrat,0,0,N,N,NA
F,25-34,3,Democrat,0,0,N,N,NA
F,45-54,3,Democrat,0,0,N,N,NA
F,25-34,3,Democrat,0,0,Y,N,NA
M,35-44,2,Democrat,0,0,N,N,NA
M,25-34,2,Democrat,0,0,N,N,NA
F,65+,2,Democrat,0,0,N,N,NA
M,18-24,2,Other,0,0,N,N,NA
F,25-34,1,Independent,0,0,N,N,NA
F,25-34,2,Independent,0,0,N,Y,Email
M,18-24,1,Democrat,0,0,N,N,NA
F,55-64,2,Democrat,0,0,N,N,NA
F,18-24,3,Independent,0,0,N,N,NA
M,18-24,2,Democrat,0,0,N,N,NA
F,25-34,2,Democrat,0,0,N,N,NA
F,18-24,1,Democrat,0,0,N,N,NA
M,18-24,1,Independent,0,0,N,N,NA
M,25-34,2,Other,0,0,N,N,NA
M,55-64,3,Independent,0,0,N,N,NA
M,25-34,3,Democrat,1,40,N,N,NA
M,25-34,1,Democrat,1,20,N,N,NA
M,18-24,3,Democrat,0,0,N,N,NA
M,55-64,3,Independent,0,0,N,N,NA
M,18-24,1,Democrat,0,0,N,N,NA
F,65+,1,Democrat,0,0,N,N,NA
F,25-34,1,Democrat,0,0,N,N,NA
F,65+,1,Democrat,0,0,N,Y,Twitter
F,65+,3,Democrat,0,0,N,N,NA
M,65+,1,Independent,0,0,N,N,NA
F,18-24,2,Democrat,0,0,N,N,NA
M,25-34,2,Independent,0,0,N,N,NA
M,65+,1,Other,0,0,N,Y,Email
M,35-44,1,Democrat,0,0,Y,N,NA
M,25-34,1,Democrat,0,0,N,N,NA
F,18-24,1,Democrat,0,0,N,N,NA
F,18-24,2,Independent,0,0,N,Y,Twitter
M,45-54,3,Democrat,0,0,N,N,NA
M,65+,3,Democrat,0,0,N,Y,Email
M,55-64,3,Other,0,0,N,N,NA
F,55-64,1,Democrat,1,12,N,N,NA
F,18-24,1,Other,0,0,Y,N,NA
F,65+,3,Other,0,0,N,N,NA
F,55-64,1,Democrat,1,23,N,Y,Email
F,65+,3,Democrat,0,0,N,N,NA
F,18-24,1,Democrat,0,0,N,N,NA
M,25-34,3,Independent,0,0,N,N,NA
M,45-54,1,Democrat,0,0,N,N,NA
F,65+,2,Independent,1,23,N,N,NA
F,18-24,2,Democrat,0,0,N,N,NA
M,65+,1,Democrat,0,0,N,N,NA
F,25-34,3,Democrat,0,0,N,N,NA
F,65+,3,Democrat,0,0,N,N,NA
F,18-24,1,Democrat,0,0,N,N,NA
F,45-54,1,Democrat,0,0,N,N,NA
M,45-54,1,Democrat,0,0,N,N,NA
M,65+,1,Other,1,19,N,N,NA
F,55-64,2,Other,0,0,N,N,NA
M,55-64,1,Independent,1,19,N,N,NA
F,25-34,3,Democrat,0,0,N,N,NA
F,25-34,2,Independent,0,0,N,N,NA
F,65+,3,Democrat,0,0,N,N,NA
F,18-24,1,Democrat,0,0,N,N,NA
M,65+,2,Democrat,0,0,N,N,NA
F,65+,1,Democrat,0,0,N,N,NA
F,45-54,2,Democrat,0,0,N,N,NA
F,18-24,1,Democrat,0,0,N,N,NA
M,65+,3,Democrat,0,0,N,N,NA
F,18-24,2,Other,0,0,N,N,NA
M,65+,3,Democrat,0,0,N,N,NA
F,18-24,3,Democrat,0,0,N,N,NA
F,35-44,2,Other,0,0,N,N,NA
F,25-34,2,Democrat,0,0,N,N,NA
M,35-44,1,Democrat,0,0,N,N,NA
F,65+,2,Democrat,0,0,N,N,NA
F,55-64,2,Democrat,0,0,N,N,NA
F,55-64,1,Independent,0,0,N,N,NA
M,35-44,1,Democrat,0,0,N,N,NA
F,65+,1,Democrat,0,0,N,N,NA
M,25-34,3,Democrat,0,0,N,Y,Email
F,55-64,2,Democrat,0,0,N,N,NA
M,18-24,1,Independent,0,0,N,N,NA
M,18-24,3,Democrat,0,0,Y,N,NA
F,65+,3,Democrat,0,0,N,N,NA
M,65+,1,Independent,0,0,N,N,NA
M,35-44,1,Democrat,0,0,N,N,NA
F,35-44,1,Democrat,0,0,N,N,NA
F,35-44,2,Democrat,1,24,N,N,NA
F,65+,2,Democrat,0,0,N,N,NA
F,55-64,3,Independent,0,0,N,N,NA
M,65+,2,Democrat,0,0,N,N,NA
M,45-54,1,Democrat,0,0,N,N,NA
F,55-64,2,Democrat,0,0,N,N,NA
M,25-34,3,Democrat,0,0,N,N,NA
M,65+,1,Independent,0,0,N,N,NA
F,65+,2,Democrat,0,0,N,N,NA
F,18-24,1,Democrat,0,0,N,N,NA
F,18-24,3,Democrat,0,0,N,N,NA
F,18-24,3,Democrat,0,0,N,N,NA
F,65+,1,Independent,0,0,N,N,NA
M,25-34,2,Democrat,0,0,N,N,NA
M,65+,2,Democrat,1,21,N,N,NA
F,55-64,3,Other,0,0,N,N,NA
F,65+,1,Democrat,0,0,N,Y,Email
M,25-34,3,Independent,0,0,Y,N,NA
M,25-34,2,Democrat,0,0,Y,N,NA
F,25-34,3,Independent,0,0,N,N,NA
F,35-44,1,Independent,1,32,N,N,NA
M,65+,3,Independent,0,0,N,N,NA
M,25-34,1,Democrat,0,0,N,N,NA
F,65+,2,Independent,0,0,N,N,NA
M,35-44,2,Democrat,0,0,N,N,NA
F,18-24,3,Democrat,0,0,N,N,NA
F,18-24,1,Democrat,0,0,N,N,NA
M,65+,2,Democrat,0,0,N,N,NA
M,65+,1,Democrat,0,0,N,N,NA
F,35-44,3,Independent,0,0,N,N,NA
F,65+,1,Democrat,0,0,N,N,NA
M,65+,2,Democrat,0,0,N,N,NA
F,65+,2,Democrat,0,0,N,N,NA
F,65+,2,Democrat,0,0,N,N,NA
F,18-24,1,Democrat,0,0,N,N,NA
M,35-44,1,Independent,0,0,N,N,NA
M,35-44,1,Democrat,0,0,N,N,NA
F,25-34,3,Democrat,0,0,N,N,NA
M,65+,3,Democrat,0,0,N,N,NA
F,35-44,2,Democrat,0,0,N,N,NA
M,65+,1,Democrat,0,0,N,N,NA
M,45-54,1,Democrat,0,0,N,N,NA
M,18-24,3,Democrat,0,0,N,N,NA
F,55-64,1,Democrat,0,0,N,N,NA
M,65+,2,Other,0,0,N,N,NA
F,55-64,2,Democrat,0,0,N,N,NA
F,18-24,3,Independent,0,0,N,N,NA
M,35-44,1,Democrat,0,0,N,N,NA
M,45-54,3,Democrat,1,37,N,N,NA
F,55-64,1,Democrat,0,0,N,N,NA
M,18-24,2,Democrat,0,0,N,N,NA
F,65+,1,Democrat,0,0,N,N,NA
M,35-44,1,Other,0,0,N,N,NA
M,55-64,3,Democrat,0,0,N,N,NA
M,65+,2,Democrat,0,0,N,N,NA
F,18-24,2,Democrat,0,0,N,N,NA
M,18-24,1,Democrat,0,0,N,N,NA
F,45-54,3,Democrat,0,0,N,N,NA
F,18-24,3,Democrat,0,0,N,N,NA
M,55-64,1,Democrat,0,0,N,N,NA
F,18-24,2,Other,0,0,N,N,NA
F,18-24,2,Democrat,0,0,N,N,NA
M,65+,1,Democrat,0,0,N,N,NA
M,18-24,3,Democrat,0,0,N,N,NA
M,18-24,3,Democrat,0,0,N,N,NA
F,45-54,1,Independent,0,0,N,N,NA
M,18-24,2,Democrat,0,0,N,N,NA
F,35-44,3,Independent,0,0,N,N,NA
M,55-64,1,Democrat,0,0,N,N,NA
M,55-64,3,Democrat,0,0,N,N,NA
F,65+,1,Democrat,0,0,N,N,NA
M,35-44,1,Democrat,0,0,N,N,NA
M,18-24,1,Democrat,0,0,N,N,NA
F,35-44,1,Democrat,1,26,N,N,NA
M,25-34,2,Democrat,0,0,N,N,NA
F,25-34,3,Democrat,0,0,N,N,NA
F,55-64,1,Democrat,0,0,N,N,NA
F,45-54,3,Democrat,0,0,N,N,NA
F,25-34,3,Independent,0,0,N,N,NA
F,65+,1,Democrat,0,0,Y,N,NA
F,65+,1,Democrat,0,0,N,N,NA
M,35-44,1,Independent,0,0,N,N,NA
F,18-24,1,Independent,0,0,N,N,NA
M,65+,1,Democrat,0,0,N,N,NA
M,65+,2,Democrat,0,0,N,N,NA
F,35-44,1,Independent,0,0,N,N,NA
F,25-34,1,Democrat,0,0,N,N,NA
M,25-34,2,Independent,0,0,N,Y,Twitter
F,65+,2,Independent,0,0,N,N,NA
M,25-34,3,Democrat,0,0,N,N,NA
F,45-54,3,Democrat,0,0,N,N,NA
M,35-44,3,Independent,0,0,N,N,NA
M,18-24,2,Independent,0,0,Y,N,NA
M,25-34,3,Democrat,0,0,N,N,NA
F,25-34,3,Democrat,0,0,N,N,NA
F,25-34,1,Independent,0,0,N,N,NA
F,45-54,3,Independent,1,28,N,N,NA
M,18-24,3,Independent,0,0,N,N,NA
F,55-64,3,Democrat,0,0,N,N,NA
M,25-34,2,Democrat,0,0,N,N,NA
F,65+,2,Democrat,0,0,N,Y,Email
F,35-44,1,Democrat,0,0,N,N,NA
F,65+,1,Democrat,0,0,N,N,NA
F,45-54,2,Democrat,0,0,N,N,NA
M,18-24,1,Democrat,0,0,N,N,NA
M,18-24,1,Democrat,0,0,N,N,NA
F,35-44,2,Democrat,0,0,N,N,NA
M,55-64,2,Democrat,1,17,N,N,NA
M,55-64,3,Democrat,0,0,N,N,NA
M,65+,2,Other,0,0,N,N,NA
F,35-44,2,Democrat,1,19,N,N,NA
M,65+,1,Democrat,0,0,N,N,NA
F,18-24,2,Democrat,0,0,N,N,NA
F,45-54,3,Democrat,0,0,N,N,NA
F,25-34,3,Other,0,0,N,N,NA
M,25-34,1,Democrat,0,0,N,N,NA
M,25-34,2,Other,0,0,N,N,NA
M,65+,1,Democrat,0,0,N,N,NA
M,35-44,2,Democrat,0,0,N,N,NA
M,25-34,2,Democrat,0,0,N,Y,Email
F,25-34,2,Democrat,0,0,N,N,NA
F,18-24,2,Independent,0,0,N,N,NA
F,65+,2,Other,1,14,N,N,NA
M,55-64,3,Independent,0,0,N,N,NA
M,65+,2,Democrat,0,0,N,N,NA
M,35-44,1,Democrat,0,0,N,N,NA
M,18-24,1,Independent,0,0,N,Y,Twitter
M,55-64,2,Democrat,0,0,N,N,NA
F,65+,1,Democrat,0,0,N,N,NA
F,18-24,3,Democrat,0,0,N,N,NA
F,65+,3,Democrat,0,0,N,N,NA
M,45-54,1,Democrat,0,0,N,N,NA
M,25-34,1,Other,0,0,N,N,NA
M,18-24,3,Independent,0,0,N,N,NA
F,55-64,2,Independent,0,0,N,Y,Email
M,65+,1,Democrat,0,0,N,N,NA
F,65+,1,Democrat,0,0,N,N,NA
F,45-54,2,Democrat,0,0,N,N,NA
F,18-24,3,Independent,0,0,N,N,NA
F,65+,1,Democrat,0,0,N,N,NA
M,25-34,3,Independent,0,0,N,N,NA
M,45-54,1,Other,0,0,N,Y,Twitter
M,25-34,1,Independent,0,0,N,N,NA
F,25-34,1,Independent,0,0,N,N,NA
M,45-54,3,Other,0,0,N,N,NA
F,65+,2,Democrat,0,0,Y,N,NA
M,45-54,3,Democrat,0,0,N,N,NA
F,55-64,2,Democrat,0,0,N,N,NA
F,65+,2,Democrat,0,0,N,N,NA
M,35-44,1,Independent,0,0,N,N,NA
F,18-24,1,Democrat,0,0,N,N,NA
F,35-44,1,Democrat,0,0,N,N,NA
M,55-64,1,Other,0,0,N,N,NA
F,55-64,2,Democrat,0,0,N,Y,Twitter
F,45-54,3,Democrat,0,0,N,N,NA
M,18-24,2,Democrat,0,0,Y,N,NA
M,65+,3,Democrat,0,0,N,N,NA
M,35-44,1,Independent,0,0,N,N,NA
M,25-34,2,Democrat,0,0,N,N,NA
F,18-24,1,Democrat,0,0,N,N,NA
M,18-24,1,Democrat,0,0,N,N,NA
F,65+,3,Independent,0,0,N,N,NA
F,65+,1,Democrat,0,0,N,N,NA
M,55-64,1,Democrat,0,0,N,N,NA
F,55-64,2,Other,0,0,N,N,NA
F,45-54,2,Democrat,1,13,N,N,NA
F,65+,1,Democrat,0,0,N,N,NA
M,65+,1,Democrat,0,0,N,N,NA
M,18-24,1,Democrat,0,0,N,N,NA
F,25-34,1,Democrat,0,0,N,N,NA
F,25-34,1,Other,0,0,N,N,NA
F,25-34,1,Democrat,0,0,N,N,NA
F,18-24,2,Democrat,0,0,N,Y,Email
F,18-24,2,Independent,0,0,N,N,NA
M,18-24,3,Democrat,0,0,N,N,NA
M,18-24,3,Democrat,0,0,N,N,NA
M,65+,2,Democrat,0,0,N,N,NA
F,55-64,3,Democrat,1,39,N,N,NA
M,25-34,1,Democrat,0,0,N,N,NA
F,18-24,1,Independent,1,16,N,N,NA
F,25-34,2,Democrat,0,0,N,N,NA
M,35-44,1,Democrat,0,0,N,N,NA
M,55-64,1,Democrat,0,0,N,N,NA
F,25-34,2,Democrat,0,0,N,N,NA
M,25-34,2,Democrat,1,24,N,N,NA
F,18-24,1,Democrat,0,0,N,N,NA
F,55-64,2,Other,0,0,N,N,NA
M,25-34,2,Democrat,0,0,N,N,NA
M,65+,3,Democrat,0,0,N,Y,Email
M,18-24,1,Democrat,0,0,N,N,NA
F,35-44,3,Democrat,1,24,N,N,NA
M,18-24,1,Democrat,0,0,N,N,NA
M,45-54,2,Independent,0,0,N,N,NA
M,65+,1,Democrat,0,0,N,N,NA
F,65+,3,Democrat,0,0,N,N,NA
F,45-54,2,Other,1,23,N,N,NA
F,25-34,2,Democrat,0,0,N,N,NA
M,18-24,2,Democrat,0,0,N,N,NA
M,65+,2,Democrat,0,0,N,N,NA
F,25-34,3,Other,0,0,N,N,NA
M,25-34,1,Democrat,0,0,N,N,NA
F,25-34,1,Democrat,1,15,N,N,NA
F,25-34,2,Democrat,0,0,N,Y,Email
F,55-64,2,Democrat,0,0,N,N,NA
M,55-64,2,Democrat,0,0,N,N,NA
F,65+,2,Democrat,0,0,N,N,NA
M,18-24,1,Democrat,0,0,N,N,NA
F,18-24,1,Democrat,0,0,N,Y,Twitter
F,25-34,2,Other,0,0,N,N,NA
F,65+,1,Democrat,0,0,N,N,NA
F,35-44,1,Democrat,0,0,N,N,NA
F,25-34,2,Independent,0,0,N,N,NA
M,55-64,1,Democrat,0,0,N,N,NA
M,65+,1,Democrat,0,0,N,N,NA
M,65+,2,Democrat,0,0,N,N,NA
M,55-64,1,Independent,0,0,N,N,NA
F,18-24,1,Other,0,0,N,N,NA
F,65+,2,Democrat,0,0,N,N,NA
F,55-64,1,Independent,0,0,N,N,NA
M,35-44,1,Independent,0,0,N,N,NA
F,65+,1,Democrat,0,0,N,N,NA
M,45-54,3,Democrat,0,0,N,N,NA
F,18-24,3,Democrat,0,0,N,N,NA
M,18-24,1,Democrat,0,0,N,N,NA
F,65+,3,Democrat,0,0,N,N,NA
F,18-24,2,Other,0,0,N,N,NA
F,25-34,2,Democrat,0,0,N,Y,Email
F,45-54,1,Democrat,0,0,N,N,NA
F,35-44,1,Independent,0,0,N,N,NA
M,18-24,1,Independent,0,0,N,N,NA
M,35-44,3,Other,0,0,N,N,NA
M,45-54,3,Other,0,0,N,N,NA
M,65+,1,Democrat,0,0,N,N,NA
F,45-54,3,Independent,0,0,N,N,NA
M,25-34,1,Democrat,0,0,N,N,NA
M,45-54,2,Independent,0,0,N,N,NA
F,65+,3,Democrat,0,0,N,N,NA
F,18-24,3,Independent,0,0,N,N,NA
F,65+,1,Independent,0,0,N,N,NA
F,45-54,3,Democrat,1,29,N,N,NA
F,35-44,3,Other,0,0,N,N,NA
M,18-24,3,Independent,0,0,N,N,NA
M,18-24,1,Democrat,0,0,Y,Y,Email
M,55-64,3,Democrat,0,0,N,N,NA
M,45-54,2,Democrat,0,0,N,N,NA
F,35-44,2,Democrat,1,17,N,Y,Email
F,18-24,1,Democrat,0,0,N,Y,Twitter
M,18-24,3,Democrat,0,0,N,N,NA
M,65+,1,Democrat,0,0,N,N,NA
M,18-24,2,Other,0,0,N,N,NA
M,65+,1,Independent,0,0,N,N,NA
M,65+,3,Democrat,0,0,N,Y,Email
F,65+,3,Democrat,0,0,N,N,NA
F,18-24,2,Independent,0,0,N,N,NA
M,35-44,1,Democrat,0,0,Y,N,NA
M,18-24,3,Democrat,0,0,N,Y,Twitter
M,25-34,3,Independent,0,0,N,N,NA
F,18-24,1,Democrat,1,30,N,N,NA
M,18-24,2,Democrat,0,0,N,N,NA
F,35-44,1,Independent,0,0,N,N,NA
F,25-34,3,Democrat,0,0,N,N,NA
F,45-54,2,Other,0,0,N,N,NA
M,65+,1,Democrat,0,0,N,N,NA
M,18-24,1,Democrat,1,26,N,N,NA
M,65+,3,Democrat,0,0,N,N,NA
F,18-24,3,Democrat,0,0,N,N,NA
M,18-24,2,Democrat,0,0,N,Y,Email
F,65+,3,Other,0,0,N,N,NA
F,25-34,2,Democrat,0,0,N,N,NA
F,25-34,2,Independent,0,0,N,N,NA
M,25-34,1,Democrat,0,0,N,N,NA
F,45-54,3,Democrat,0,0,N,N,NA
M,35-44,2,Democrat,0,0,N,N,NA
M,18-24,1,Democrat,0,0,N,N,NA
M,25-34,3,Democrat,0,0,N,Y,Email
F,18-24,1,Independent,0,0,N,N,NA
M,18-24,1,Democrat,0,0,N,N,NA
M,18-24,3,Independent,0,0,N,N,NA
F,18-24,1,Independent,0,0,N,Y,Email
F,18-24,3,Democrat,0,0,N,Y,Twitter
M,45-54,3,Independent,0,0,N,N,NA
F,18-24,3,Other,0,0,N,Y,Email
F,65+,2,Democrat,0,0,N,N,NA
F,18-24,2,Democrat,0,0,N,N,NA
M,18-24,1,Democrat,0,0,N,N,NA
M,55-64,3,Democrat,0,0,N,N,NA
F,65+,2,Democrat,0,0,N,N,NA
F,65+,3,Other,0,0,N,N,NA
F,65+,2,Democrat,0,0,N,N,NA
F,35-44,1,Democrat,0,0,N,N,NA
M,65+,1,Democrat,0,0,N,N,NA
F,25-34,3,Independent,0,0,N,N,NA
M,25-34,3,Independent,0,0,N,N,NA
M,18-24,1,Democrat,0,0,N,N,NA
F,25-34,2,Independent,0,0,N,N,NA
F,18-24,2,Democrat,1,25,N,N,NA
M,25-34,2,Democrat,0,0,N,N,NA
F,65+,1,Democrat,0,0,N,N,NA
M,25-34,1,Democrat,0,0,N,N,NA
F,18-24,2,Democrat,0,0,N,N,NA
F,18-24,2,Democrat,0,0,N,N,NA
F,65+,3,Democrat,0,0,N,N,NA
F,35-44,2,Independent,0,0,N,Y,Email
M,18-24,2,Democrat,0,0,N,N,NA
M,55-64,3,Democrat,0,0,N,N,NA
M,65+,3,Democrat,0,0,N,N,NA
F,65+,1,Independent,0,0,N,Y,Twitter
F,65+,1,Democrat,0,0,N,N,NA
M,35-44,3,Democrat,0,0,N,N,NA
M,45-54,1,Independent,0,0,N,N,NA
F,35-44,2,Other,0,0,N,N,NA
F,35-44,1,Democrat,0,0,N,N,NA
F,18-24,2,Democrat,0,0,N,N,NA
M,25-34,3,Democrat,0,0,N,Y,Email
F,18-24,2,Democrat,0,0,N,N,NA
M,35-44,2,Democrat,0,0,N,N,NA
F,65+,3,Democrat,0,0,N,N,NA
M,25-34,1,Independent,0,0,N,N,NA
M,25-34,2,Other,0,0,N,N,NA
F,65+,3,Independent,0,0,N,N,NA
M,18-24,1,Independent,0,0,N,N,NA
F,65+,2,Independent,0,0,N,N,NA
M,35-44,1,Independent,0,0,N,N,NA
M,45-54,3,Democrat,0,0,N,N,NA
M,35-44,1,Democrat,0,0,N,N,NA
M,18-24,3,Democrat,0,0,N,N,NA
F,18-24,3,Democrat,0,0,N,N,NA
M,45-54,2,Democrat,0,0,N,N,NA
F,18-24,3,Democrat,0,0,N,N,NA
M,35-44,1,Democrat,0,0,N,N,NA
M,18-24,2,Independent,0,0,N,N,NA
M,25-34,1,Democrat,1,24,N,N,NA
F,65+,1,Democrat,0,0,N,N,NA
M,18-24,2,Democrat,0,0,N,N,NA
F,18-24,3,Democrat,0,0,N,N,NA
F,18-24,3,Democrat,0,0,N,N,NA
M,18-24,1,Independent,0,0,N,N,NA
F,35-44,2,Democrat,0,0,N,N,NA
M,25-34,2,Democrat,0,0,N,N,NA
M,25-34,2,Democrat,0,0,N,N,NA
F,65+,1,Democrat,0,0,N,N,NA
F,65+,1,Democrat,0,0,N,N,NA
M,65+,3,Democrat,0,0,N,N,NA
F,18-24,1,Democrat,0,0,N,N,NA
F,55-64,1,Independent,0,0,N,N,NA
M,18-24,3,Other,0,0,N,N,NA
M,18-24,2,Democrat,1,22,N,N,NA
F,35-44,1,Democrat,0,0,N,N,NA
F,45-54,3,Independent,0,0,N,Y,Twitter
M,18-24,2,Democrat,0,0,N,N,NA
F,65+,3,Democrat,0,0,N,N,NA
F,25-34,1,Independent,0,0,N,N,NA
M,18-24,3,Democrat,0,0,N,N,NA
M,18-24,1,Democrat,0,0,N,N,NA
M,25-34,1,Democrat,0,0,N,N,NA
M,45-54,2,Democrat,0,0,N,N,NA
M,25-34,1,Other,0,0,N,N,NA
F,18-24,2,Democrat,1,30,N,N,NA
F,65+,1,Democrat,0,0,N,N,NA
F,55-64,2,Other,0,0,N,N,NA
F,65+,2,Democrat,0,0,N,Y,Twitter
F,65+,2,Independent,0,0,N,N,NA
M,35-44,3,Democrat,0,0,N,N,NA
M,65+,2,Democrat,0,0,N,N,NA
M,65+,3,Democrat,0,0,N,N,NA
F,55-64,3,Democrat,0,0,N,Y,Email
F,45-54,1,Independent,0,0,N,N,NA
F,18-24,1,Democrat,0,0,N,N,NA
M,18-24,3,Democrat,0,0,N,N,NA
F,65+,2,Democrat,0,0,N,N,NA
F,18-24,3,Other,0,0,N,N,NA
F,18-24,1,Democrat,0,0,N,N,NA
M,25-34,3,Democrat,0,0,N,Y,Twitter
F,65+,1,Democrat,0,0,N,Y,Email
M,65+,2,Other,0,0,N,N,NA
M,65+,1,Other,0,0,N,N,NA
M,65+,3,Democrat,0,0,N,N,NA
F,18-24,1,Democrat,0,0,N,N,NA
F,65+,1,Democrat,0,0,N,N,NA
F,65+,1,Independent,0,0,N,N,NA
M,25-34,3,Independent,0,0,N,N,NA
M,18-24,2,Other,0,0,N,N,NA
M,65+,1,Other,0,0,N,N,NA
M,45-54,2,Other,0,0,N,N,NA
F,65+,2,Independent,0,0,N,N,NA
F,25-34,3,Democrat,0,0,N,N,NA
M,65+,2,Independent,0,0,N,N,NA
M,18-24,2,Independent,0,0,N,Y,Twitter
F,55-64,3,Other,0,0,N,N,NA
M,55-64,3,Independent,0,0,N,N,NA
F,18-24,2,Independent,0,0,N,N,NA
M,25-34,3,Other,0,0,N,N,NA
M,35-44,1,Democrat,0,0,N,N,NA
M,45-54,2,Democrat,0,0,N,N,NA
F,25-34,1,Democrat,0,0,N,N,NA
F,55-64,3,Democrat,0,0,N,N,NA
F,65+,3,Democrat,0,0,N,N,NA
F,18-24,1,Independent,0,0,N,N,NA
F,55-64,2,Democrat,1,18,N,N,NA
M,25-34,3,Democrat,0,0,N,N,NA
M,65+,3,Democrat,0,0,N,N,NA
M,35-44,1,Democrat,0,0,N,N,NA
F,25-34,3,Democrat,0,0,N,N,NA
F,35-44,3,Democrat,0,0,Y,N,NA
M,65+,3,Democrat,0,0,N,N,NA
M,45-54,1,Democrat,0,0,Y,N,NA
M,18-24,3,Democrat,0,0,N,N,NA
F,35-44,2,Democrat,0,0,N,N,NA
F,35-44,2,Democrat,0,0,N,N,NA
M,18-24,2,Democrat,0,0,N,N,NA
F,18-24,1,Democrat,0,0,N,N,NA
F,55-64,1,Independent,0,0,N,N,NA
M,25-34,3,Independent,0,0,N,N,NA
M,65+,1,Democrat,0,0,N,N,NA
M,65+,1,Independent,0,0,N,N,NA
F,18-24,2,Democrat,0,0,N,N,NA
F,18-24,1,Democrat,0,0,N,N,NA
M,18-24,3,Independent,0,0,N,N,NA
F,35-44,2,Democrat,0,0,N,N,NA
F,25-34,2,Independent,0,0,N,N,NA
F,55-64,1,Democrat,1,21,N,Y,Twitter
M,65+,2,Democrat,0,0,N,N,NA
M,18-24,3,Democrat,0,0,N,N,NA
F,65+,3,Democrat,0,0,N,N,NA
M,65+,2,Democrat,0,0,N,N,NA
M,65+,3,Independent,0,0,N,N,NA
F,18-24,2,Independent,0,0,N,N,NA
M,18-24,3,Independent,0,0,N,Y,Email
F,25-34,1,Democrat,0,0,N,N,NA
M,18-24,2,Independent,0,0,N,N,NA
F,18-24,3,Democrat,0,0,N,N,NA
M,35-44,2,Democrat,0,0,N,Y,Email
M,65+,2,Independent,0,0,N,N,NA
M,18-24,1,Democrat,0,0,N,N,NA
F,25-34,2,Democrat,0,0,N,N,NA
M,18-24,1,Democrat,0,0,N,N,NA
F,65+,3,Democrat,0,0,N,N,NA
M,65+,3,Other,0,0,Y,N,NA
F,25-34,2,Democrat,0,0,N,N,NA
M,35-44,2,Other,0,0,N,N,NA
F,35-44,3,Democrat,0,0,N,N,NA
M,18-24,1,Democrat,0,0,N,N,NA
M,35-44,1,Democrat,0,0,N,N,NA
F,65+,1,Democrat,0,0,N,N,NA
F,18-24,1,Democrat,0,0,N,N,NA
M,65+,1,Democrat,0,0,N,N,NA
M,65+,2,Democrat,1,28,N,N,NA
M,65+,2,Democrat,0,0,N,N,NA
F,18-24,3,Independent,0,0,N,N,NA
F,25-34,3,Independent,0,0,N,N,NA
M,25-34,2,Democrat,0,0,N,N,NA
F,18-24,3,Democrat,0,0,N,N,NA
M,65+,1,Democrat,0,0,N,N,NA
F,55-64,3,Democrat,0,0,N,N,NA
F,18-24,2,Democrat,0,0,N,N,NA
F,35-44,3,Democrat,0,0,N,N,NA
M,65+,1,Democrat,0,0,N,N,NA
F,25-34,2,Democrat,1,14,N,N,NA
M,65+,2,Independent,0,0,N,N,NA
F,25-34,1,Democrat,0,0,N,N,NA
M,45-54,1,Democrat,0,0,N,N,NA
M,18-24,3,Independent,0,0,N,N,NA
M,45-54,1,Independent,0,0,N,N,NA
M,65+,2,Democrat,0,0,N,N,NA
F,18-24,3,Democrat,0,0,N,N,NA
F,35-44,2,Independent,0,0,N,N,NA
M,65+,2,Democrat,1,25,N,N,NA
M,35-44,2,Independent,0,0,N,N,NA
F,18-24,3,Democrat,0,0,N,N,NA
M,18-24,1,Democrat,0,0,N,N,NA
F,55-64,2,Other,0,0,N,N,NA
M,18-24,3,Democrat,0,0,N,N,NA
M,35-44,3,Democrat,1,48,N,N,NA
M,45-54,2,Independent,0,0,N,N,NA
M,55-64,2,Democrat,0,0,N,N,NA
M,65+,3,Independent,0,0,N,N,NA
F,18-24,2,Independent,0,0,N,N,NA
F,65+,2,Independent,0,0,N,N,NA
F,65+,1,Democrat,1,19,N,N,NA
M,18-24,1,Independent,0,0,N,N,NA
M,35-44,2,Democrat,0,0,N,N,NA
F,45-54,3,Democrat,0,0,N,N,NA
M,25-34,3,Democrat,0,0,N,N,NA
M,55-64,3,Democrat,0,0,N,N,NA
F,18-24,1,Democrat,0,0,N,N,NA
F,25-34,2,Democrat,0,0,N,N,NA
M,25-34,2,Democrat,0,0,N,N,NA
M,65+,3,Other,0,0,N,N,NA
F,65+,3,Democrat,0,0,N,N,NA
F,65+,2,Democrat,0,0,N,N,NA
F,65+,1,Other,0,0,N,N,NA
F,65+,3,Democrat,0,0,N,N,NA
M,45-54,1,Democrat,0,0,N,N,NA
F,25-34,3,Independent,0,0,N,N,NA
M,35-44,1,Democrat,0,0,N,N,NA
F,65+,2,Democrat,0,0,N,N,NA
F,55-64,3,Democrat,0,0,N,N,NA
M,65+,1,Independent,0,0,N,N,NA
F,18-24,3,Independent,0,0,N,Y,Twitter
F,45-54,1,Democrat,0,0,N,N,NA
M,25-34,2,Democrat,0,0,N,N,NA
M,35-44,1,Democrat,0,0,N,N,NA
M,18-24,2,Democrat,0,0,N,N,NA
M,65+,1,Independent,0,0,N,N,NA
F,45-54,3,Democrat,0,0,N,Y,Twitter
M,18-24,3,Other,1,33,N,N,NA
F,35-44,1,Democrat,0,0,N,N,NA
F,65+,2,Democrat,0,0,N,N,NA
F,35-44,1,Independent,0,0,N,Y,Email
F,35-44,2,Democrat,0,0,N,N,NA
M,55-64,1,Democrat,0,0,N,N,NA
F,25-34,1,Democrat,0,0,N,N,NA
F,25-34,3,Independent,0,0,N,N,NA
F,35-44,2,Independent,0,0,N,N,NA
M,18-24,3,Democrat,0,0,N,N,NA
F,35-44,1,Democrat,0,0,N,N,NA
M,55-64,3,Other,0,0,N,N,NA
M,35-44,2,Independent,0,0,N,N,NA
F,35-44,3,Independent,0,0,N,N,NA
F,35-44,3,Democrat,0,0,N,Y,Twitter
M,18-24,2,Independent,0,0,N,Y,Email
F,35-44,1,Democrat,0,0,N,N,NA
M,35-44,2,Democrat,0,0,N,N,NA
M,35-44,3,Other,0,0,N,N,NA
F,18-24,2,Independent,0,0,N,Y,Email
F,18-24,1,Democrat,0,0,N,N,NA
F,18-24,3,Democrat,0,0,N,N,NA
F,65+,1,Democrat,0,0,N,N,NA
F,65+,1,Democrat,0,0,N,N,NA
F,25-34,3,Other,0,0,N,N,NA
F,65+,2,Democrat,0,0,N,N,NA
F,18-24,2,Democrat,0,0,N,N,NA
M,25-34,1,Democrat,0,0,N,N,NA
F,25-34,3,Independent,0,0,N,N,NA
M,65+,1,Democrat,0,0,N,N,NA
M,18-24,1,Democrat,0,0,N,N,NA
F,35-44,1,Democrat,0,0,N,N,NA
M,25-34,1,Independent,0,0,N,N,NA
M,18-24,2,Independent,0,0,N,N,NA
F,65+,2,Democrat,0,0,N,N,NA
F,65+,1,Democrat,0,0,N,N,NA
F,45-54,1,Independent,0,0,N,N,NA
M,65+,1,Democrat,0,0,Y,N,NA
M,25-34,3,Democrat,0,0,N,N,NA
M,18-24,2,Independent,0,0,N,Y,Email
M,25-34,1,Democrat,0,0,N,N,NA
F,45-54,3,Democrat,0,0,N,N,NA
M,45-54,1,Independent,0,0,N,N,NA
M,18-24,2,Independent,1,19,N,N,NA
F,65+,1,Democrat,0,0,N,N,NA
M,25-34,1,Democrat,0,0,N,N,NA
M,25-34,1,Democrat,0,0,N,N,NA
M,35-44,3,Independent,0,0,N,Y,Twitter
M,35-44,2,Democrat,0,0,N,N,NA
M,18-24,3,Independent,0,0,N,N,NA
M,25-34,3,Independent,0,0,N,N,NA
M,65+,1,Democrat,0,0,N,N,NA
M,25-34,1,Democrat,0,0,N,N,NA
F,65+,1,Democrat,0,0,N,N,NA
F,25-34,2,Democrat,0,0,N,N,NA
F,25-34,3,Independent,0,0,N,N,NA
M,65+,1,Democrat,0,0,N,N,NA
M,65+,2,Democrat,0,0,N,N,NA
M,65+,2,Other,0,0,N,N,NA
F,35-44,2,Democrat,0,0,N,N,NA
M,65+,3,Democrat,0,0,N,Y,Email
F,35-44,1,Independent,0,0,N,N,NA
F,55-64,2,Independent,0,0,N,N,NA
M,18-24,2,Democrat,0,0,N,Y,Email
F,35-44,2,Democrat,0,0,N,N,NA
F,18-24,3,Democrat,0,0,N,N,NA
M,45-54,2,Democrat,0,0,N,N,NA
F,25-34,2,Democrat,1,21,N,N,NA
F,45-54,3,Democrat,0,0,N,N,NA
F,65+,1,Democrat,0,0,N,N,NA
M,55-64,2,Independent,0,0,N,N,NA
M,25-34,2,Democrat,0,0,N,N,NA
M,25-34,2,Democrat,0,0,N,N,NA
F,35-44,3,Democrat,0,0,N,N,NA
F,65+,1,Democrat,0,0,N,N,NA
M,25-34,2,Independent,0,0,N,N,NA
M,65+,2,Democrat,0,0,N,N,NA
F,65+,2,Other,0,0,N,N,NA
F,55-64,3,Democrat,1,43,N,N,NA
M,55-64,1,Democrat,0,0,N,N,NA
M,55-64,2,Independent,0,0,N,N,NA
M,65+,3,Independent,1,20,N,N,NA
M,18-24,3,Democrat,0,0,N,N,NA
M,18-24,3,Democrat,0,0,N,N,NA
M,65+,3,Democrat,0,0,N,N,NA
F,18-24,3,Independent,0,0,N,N,NA
M,65+,2,Democrat,0,0,N,N,NA
M,35-44,1,Independent,0,0,N,N,NA
F,25-34,2,Democrat,0,0,N,N,NA
F,65+,3,Democrat,0,0,N,N,NA
F,35-44,3,Democrat,0,0,N,N,NA
M,25-34,2,Democrat,0,0,N,N,NA
M,18-24,2,Democrat,0,0,N,N,NA
M,35-44,3,Democrat,0,0,N,N,NA
F,18-24,2,Independent,0,0,N,N,NA
M,65+,3,Independent,0,0,N,N,NA
M,18-24,3,Independent,0,0,N,N,NA
F,18-24,1,Democrat,0,0,N,N,NA
F,65+,2,Democrat,0,0,N,N,NA
F,45-54,3,Democrat,0,0,N,N,NA
F,25-34,1,Democrat,0,0,N,N,NA
M,18-24,1,Independent,0,0,N,N,NA
F,35-44,1,Democrat,0,0,N,N,NA
M,55-64,3,Democrat,0,0,N,Y,Email
M,65+,2,Democrat,0,0,N,N,NA
M,55-64,1,Other,0,0,N,N,NA
M,18-24,3,Democrat,0,0,N,N,NA
M,65+,1,Democrat,0,0,N,N,NA
F,25-34,2,Democrat,0,0,N,N,NA
M,55-64,3,Democrat,0,0,N,N,NA
M,65+,3,Democrat,0,0,N,N,NA
F,35-44,3,Other,0,0,N,N,NA
F,35-44,3,Democrat,0,0,N,N,NA
F,55-64,2,Democrat,1,24,N,N,NA
F,65+,3,Democrat,0,0,N,N,NA
M,65+,3,Democrat,0,0,N,N,NA
F,18-24,3,Independent,0,0,N,N,NA
F,35-44,1,Independent,0,0,N,N,NA
F,18-24,3,Democrat,0,0,N,N,NA
F,65+,3,Democrat,0,0,N,N,NA
M,65+,2,Democrat,0,0,N,N,NA
F,25-34,2,Democrat,0,0,N,N,NA
F,25-34,3,Independent,0,0,N,Y,Twitter
M,65+,1,Democrat,0,0,N,N,NA
M,18-24,1,Democrat,0,0,N,N,NA
M,65+,1,Democrat,0,0,Y,N,NA
F,25-34,2,Democrat,0,0,N,N,NA
F,25-34,3,Democrat,0,0,N,N,NA
M,18-24,1,Independent,0,0,N,N,NA
F,18-24,1,Democrat,0,0,N,N,NA
F,25-34,3,Democrat,1,31,N,N,NA
M,25-34,2,Democrat,0,0,N,N,NA
F,25-34,2,Independent,0,0,N,N,NA
F,55-64,2,Other,0,0,N,N,NA
F,18-24,1,Independent,0,0,N,N,NA
F,55-64,1,Other,0,0,N,N,NA
F,55-64,2,Other,0,0,N,N,NA
M,45-54,3,Democrat,0,0,N,Y,Twitter
M,45-54,3,Democrat,0,0,N,N,NA
F,25-34,1,Democrat,0,0,N,N,NA
F,35-44,1,Other,0,0,N,N,NA
F,25-34,2,Independent,0,0,N,N,NA
F,18-24,3,Other,0,0,N,N,NA
F,55-64,2,Democrat,0,0,N,N,NA
M,18-24,1,Independent,0,0,N,N,NA
F,35-44,1,Democrat,0,0,N,N,NA
M,65+,1,Democrat,0,0,N,N,NA
M,55-64,2,Democrat,1,27,N,N,NA
M,65+,1,Democrat,0,0,N,N,NA
F,35-44,1,Independent,0,0,N,N,NA
M,25-34,2,Other,0,0,N,N,NA
M,25-34,1,Democrat,0,0,N,N,NA
F,25-34,1,Democrat,0,0,N,N,NA
M,18-24,3,Democrat,0,0,N,N,NA
M,18-24,1,Democrat,0,0,N,N,NA
F,65+,2,Democrat,0,0,N,Y,Twitter
M,45-54,2,Independent,0,0,N,N,NA
M,45-54,2,Independent,1,21,N,N,NA
M,45-54,2,Democrat,1,19,N,N,NA
F,55-64,1,Democrat,0,0,N,N,NA
F,65+,2,Democrat,0,0,N,N,NA
M,55-64,3,Democrat,0,0,N,N,NA
F,18-24,2,Democrat,0,0,N,N,NA
F,65+,3,Democrat,0,0,N,N,NA
F,18-24,2,Other,0,0,N,N,NA
M,18-24,3,Independent,0,0,N,N,NA
F,65+,2,Democrat,0,0,N,N,NA
M,65+,3,Democrat,0,0,N,N,NA
M,25-34,1,Democrat,0,0,N,N,NA
M,18-24,3,Independent,0,0,N,N,NA
F,25-34,1,Democrat,0,0,N,N,NA
F,65+,2,Democrat,0,0,N,N,NA
M,65+,2,Other,0,0,N,N,NA
M,25-34,1,Democrat,0,0,N,N,NA
F,65+,1,Democrat,0,0,N,Y,Email
M,25-34,3,Democrat,0,0,N,N,NA
F,25-34,1,Democrat,0,0,N,N,NA
M,65+,3,Other,0,0,N,N,NA
M,65+,1,Democrat,0,0,N,N,NA
F,55-64,3,Democrat,0,0,N,N,NA
F,25-34,2,Democrat,0,0,N,N,NA
M,65+,3,Democrat,0,0,N,N,NA
F,18-24,2,Democrat,0,0,N,N,NA
F,55-64,1,Independent,0,0,N,N,NA
M,65+,2,Democrat,0,0,N,Y,Email
F,25-34,2,Democrat,0,0,N,N,NA
M,65+,1,Democrat,0,0,N,N,NA
F,65+,3,Democrat,0,0,N,N,NA
M,65+,3,Democrat,0,0,N,N,NA
M,25-34,1,Democrat,0,0,N,N,NA
F,55-64,3,Democrat,0,0,N,N,NA
F,25-34,1,Democrat,0,0,N,N,NA
F,18-24,3,Democrat,0,0,N,N,NA
M,18-24,3,Independent,0,0,Y,N,NA
M,25-34,1,Democrat,0,0,N,N,NA
F,65+,1,Democrat,1,24,N,N,NA
F,65+,1,Independent,0,0,N,N,NA
F,35-44,2,Independent,0,0,N,N,NA
F,25-34,2,Democrat,0,0,N,N,NA
M,25-34,3,Democrat,0,0,N,N,NA
F,65+,2,Democrat,1,23,N,N,NA
F,25-34,2,Democrat,0,0,N,Y,Email
M,65+,3,Independent,0,0,N,N,NA
M,65+,2,Independent,0,0,N,N,NA
M,65+,3,Democrat,1,31,N,N,NA
M,25-34,1,Democrat,0,0,N,N,NA
F,25-34,2,Democrat,0,0,N,N,NA
F,65+,3,Other,0,0,N,N,NA
F,45-54,1,Democrat,0,0,N,N,NA
F,18-24,3,Independent,0,0,N,N,NA
F,25-34,2,Independent,0,0,N,Y,Email
M,25-34,1,Independent,0,0,N,N,NA
F,35-44,1,Democrat,1,21,N,N,NA
M,65+,1,Independent,0,0,N,N,NA
F,55-64,2,Democrat,0,0,N,N,NA
F,65+,3,Independent,0,0,N,N,NA
F,55-64,2,Democrat,0,0,N,N,NA
F,35-44,1,Independent,1,20,N,N,NA
F,18-24,3,Independent,0,0,N,N,NA
F,25-34,1,Independent,0,0,N,N,NA
M,55-64,2,Other,0,0,N,N,NA
F,55-64,2,Democrat,0,0,N,N,NA
M,18-24,1,Democrat,0,0,N,N,NA
M,65+,1,Democrat,1,22,N,N,NA
M,25-34,2,Democrat,0,0,N,N,NA
M,45-54,2,Democrat,0,0,N,N,NA
M,65+,1,Democrat,0,0,N,N,NA
M,18-24,1,Democrat,1,27,N,N,NA
M,55-64,2,Democrat,0,0,N,N,NA
M,18-24,3,Democrat,0,0,N,N,NA
M,35-44,1,Other,0,0,N,N,NA
M,18-24,1,Democrat,0,0,Y,N,NA
M,55-64,3,Democrat,0,0,N,N,NA
F,25-34,2,Democrat,0,0,N,N,NA
F,65+,3,Democrat,0,0,N,N,NA
M,18-24,1,Democrat,0,0,N,N,NA
M,18-24,2,Democrat,0,0,N,N,NA
F,65+,1,Democrat,0,0,N,N,NA
F,25-34,2,Democrat,0,0,N,N,NA
F,65+,3,Democrat,0,0,N,N,NA
F,25-34,1,Democrat,0,0,N,N,NA
F,35-44,1,Democrat,0,0,N,N,NA
F,55-64,2,Democrat,0,0,N,N,NA
M,65+,1,Democrat,0,0,N,N,NA
M,45-54,3,Democrat,0,0,N,N,NA
M,65+,2,Independent,0,0,N,N,NA
F,65+,1,Independent,0,0,N,N,NA
M,35-44,1,Democrat,0,0,N,Y,Email
F,65+,2,Democrat,0,0,N,N,NA
M,65+,3,Independent,0,0,N,N,NA
M,25-34,1,Democrat,0,0,N,N,NA
M,25-34,1,Democrat,0,0,N,N,NA
F,25-34,2,Other,0,0,N,N,NA
M,55-64,1,Independent,0,0,N,N,NA
F,25-34,1,Independent,0,0,N,N,NA
M,25-34,1,Democrat,0,0,N,N,NA
M,45-54,3,Democrat,0,0,N,N,NA
M,25-34,2,Democrat,0,0,N,N,NA
M,65+,3,Democrat,0,0,N,N,NA
M,18-24,2,Democrat,0,0,N,N,NA
M,18-24,2,Democrat,0,0,N,N,NA
M,18-24,3,Democrat,0,0,N,N,NA
F,65+,3,Democrat,0,0,N,N,NA
F,45-54,1,Democrat,0,0,N,N,NA
F,65+,1,Democrat,0,0,N,N,NA
F,18-24,2,Democrat,0,0,N,N,NA
F,55-64,3,Democrat,0,0,N,N,NA
F,18-24,2,Democrat,0,0,N,N,NA
M,55-64,1,Democrat,0,0,N,N,NA
F,35-44,2,Independent,0,0,N,N,NA
M,35-44,2,Democrat,1,24,N,N,NA
M,65+,3,Independent,0,0,N,N,NA
M,55-64,1,Democrat,0,0,N,N,NA
M,18-24,2,Democrat,0,0,N,N,NA
M,35-44,3,Democrat,0,0,N,N,NA
M,45-54,2,Independent,0,0,N,N,NA
F,35-44,2,Democrat,0,0,N,N,NA
F,25-34,1,Democrat,0,0,N,N,NA
F,65+,2,Democrat,0,0,N,N,NA
M,25-34,2,Democrat,0,0,N,N,NA
F,25-34,2,Democrat,0,0,N,N,NA
F,65+,2,Independent,1,23,N,N,NA
M,55-64,3,Independent,0,0,N,N,NA
M,65+,3,Independent,0,0,N,N,NA
F,65+,3,Democrat,0,0,N,N,NA
F,18-24,2,Democrat,0,0,N,N,NA
F,35-44,2,Other,0,0,N,N,NA
M,65+,2,Other,0,0,N,N,NA
M,25-34,1,Independent,0,0,Y,N,NA
F,18-24,1,Democrat,0,0,N,N,NA
F,18-24,3,Democrat,0,0,N,Y,Twitter
M,35-44,2,Independent,0,0,N,N,NA
F,18-24,1,Democrat,0,0,N,N,NA
F,65+,1,Independent,0,0,N,N,NA
F,65+,2,Democrat,0,0,N,N,NA
F,18-24,3,Democrat,0,0,N,N,NA
M,25-34,3,Independent,0,0,N,N,NA
F,18-24,2,Democrat,0,0,N,Y,Email
F,65+,1,Democrat,0,0,N,N,NA
M,55-64,1,Democrat,0,0,N,N,NA
F,18-24,2,Other,1,22,N,N,NA
M,65+,2,Democrat,0,0,N,N,NA
F,35-44,2,Independent,0,0,N,N,NA
F,65+,1,Democrat,0,0,N,N,NA
M,35-44,2,Independent,0,0,N,N,NA
F,65+,2,Independent,0,0,N,N,NA
F,55-64,2,Democrat,0,0,N,N,NA
F,35-44,1,Democrat,0,0,N,N,NA
F,18-24,3,Democrat,0,0,N,Y,Twitter
F,25-34,2,Democrat,0,0,N,N,NA
M,18-24,1,Independent,0,0,N,N,NA
M,55-64,3,Independent,0,0,N,N,NA
M,65+,3,Democrat,0,0,N,N,NA
F,65+,2,Independent,0,0,N,N,NA
F,65+,3,Other,0,0,N,N,NA
M,25-34,3,Other,0,0,N,N,NA
M,18-24,1,Democrat,0,0,N,N,NA
M,55-64,1,Democrat,0,0,N,N,NA
F,25-34,1,Independent,0,0,N,N,NA
M,18-24,1,Independent,0,0,N,N,NA
M,25-34,2,Independent,0,0,N,N,NA
M,35-44,2,Democrat,1,21,N,N,NA
F,55-64,1,Independent,0,0,N,N,NA
F,65+,3,Democrat,0,0,N,N,NA
F,35-44,2,Democrat,0,0,N,N,NA
F,35-44,1,Democrat,0,0,N,N,NA
F,25-34,3,Democrat,0,0,N,N,NA
F,18-24,2,Democrat,0,0,N,N,NA
F,65+,3,Democrat,0,0,N,N,NA
F,18-24,1,Democrat,0,0,N,N,NA
F,18-24,2,Democrat,0,0,N,N,NA
F,65+,2,Democrat,0,0,N,N,NA
F,65+,3,Democrat,0,0,N,N,NA
F,18-24,3,Democrat,0,0,N,N,NA
F,65+,3,Democrat,0,0,N,N,NA
M,25-34,3,Democrat,0,0,N,N,NA
F,65+,1,Independent,0,0,N,Y,Email
F,18-24,3,Democrat,0,0,N,N,NA
M,18-24,2,Democrat,0,0,N,N,NA
F,25-34,1,Independent,0,0,N,N,NA
F,45-54,3,Democrat,0,0,N,N,NA
F,25-34,1,Democrat,0,0,N,N,NA
M,18-24,3,Democrat,0,0,N,N,NA
M,25-34,1,Other,0,0,N,N,NA
M,35-44,2,Democrat,0,0,N,N,NA
M,18-24,1,Democrat,0,0,N,N,NA
F,65+,1,Democrat,0,0,N,N,NA
M,35-44,1,Democrat,0,0,N,N,NA
F,25-34,1,Democrat,0,0,N,N,NA
M,35-44,2,Other,0,0,N,N,NA
F,25-34,3,Democrat,0,0,N,N,NA
F,65+,1,Democrat,0,0,N,N,NA
M,55-64,3,Democrat,0,0,N,N,NA
F,45-54,3,Democrat,0,0,N,N,NA
M,18-24,2,Democrat,0,0,N,N,NA
M,65+,1,Other,0,0,N,N,NA
M,18-24,1,Independent,0,0,N,N,NA
M,55-64,2,Democrat,0,0,N,N,NA
F,35-44,3,Independent,0,0,N,N,NA
M,25-34,2,Other,0,0,N,N,NA
M,55-64,2,Democrat,1,20,N,N,NA
M,18-24,3,Democrat,0,0,N,N,NA
F,18-24,1,Democrat,0,0,N,N,NA
M,65+,2,Democrat,0,0,N,N,NA
F,25-34,1,Democrat,0,0,N,N,NA
M,65+,3,Democrat,0,0,N,N,NA
M,55-64,3,Independent,0,0,N,N,NA
F,25-34,1,Other,0,0,N,N,NA
F,25-34,3,Democrat,0,0,N,N,NA
F,25-34,1,Democrat,0,0,N,N,NA
F,65+,1,Democrat,0,0,N,N,NA
M,45-54,2,Democrat,0,0,N,N,NA
M,65+,3,Democrat,0,0,N,N,NA
M,18-24,1,Democrat,0,0,N,N,NA
F,18-24,3,Democrat,0,0,N,N,NA
F,65+,2,Democrat,0,0,N,N,NA
F,55-64,3,Independent,0,0,N,N,NA
F,55-64,3,Democrat,0,0,N,N,NA
M,18-24,1,Democrat,0,0,N,N,NA
F,18-24,2,Independent,1,27,N,N,NA
F,55-64,3,Democrat,0,0,N,N,NA
M,35-44,1,Independent,0,0,N,N,NA
F,35-44,3,Democrat,0,0,N,N,NA
M,65+,1,Democrat,0,0,N,N,NA
M,18-24,3,Democrat,0,0,N,N,NA
M,18-24,2,Democrat,0,0,N,N,NA
F,65+,3,Independent,0,0,N,N,NA
F,45-54,3,Independent,0,0,N,N,NA
M,25-34,2,Democrat,0,0,N,N,NA
F,55-64,3,Democrat,0,0,N,N,NA
M,25-34,3,Other,0,0,N,N,NA
F,65+,3,Democrat,0,0,N,Y,Email
M,55-64,1,Other,0,0,N,N,NA
M,35-44,1,Other,0,0,N,N,NA
M,65+,2,Democrat,0,0,N,N,NA
F,18-24,2,Democrat,0,0,N,N,NA
M,65+,1,Democrat,1,13,N,N,NA
F,25-34,3,Democrat,0,0,N,Y,Email
M,65+,3,Democrat,0,0,N,N,NA
F,65+,3,Democrat,1,35,N,N,NA
F,18-24,3,Democrat,0,0,N,N,NA
M,65+,2,Democrat,0,0,N,Y,Twitter
F,65+,3,Other,0,0,N,N,NA
M,65+,1,Democrat,1,23,N,N,NA
F,25-34,3,Independent,0,0,N,N,NA
M,45-54,2,Democrat,0,0,N,N,NA
M,18-24,2,Independent,0,0,N,N,NA
M,25-34,1,Democrat,1,19,N,N,NA
F,35-44,2,Democrat,0,0,N,N,NA
F,65+,2,Democrat,0,0,N,N,NA
M,35-44,2,Independent,0,0,N,N,NA
F,35-44,3,Democrat,0,0,N,N,NA
M,65+,2,Democrat,0,0,N,N,NA
M,45-54,1,Democrat,0,0,N,N,NA
M,45-54,2,Democrat,0,0,N,N,NA
M,18-24,2,Independent,0,0,N,N,NA
F,45-54,3,Democrat,0,0,N,N,NA
F,45-54,2,Independent,0,0,N,N,NA
M,65+,1,Democrat,0,0,N,N,NA
F,25-34,2,Democrat,0,0,N,Y,Twitter
F,65+,1,Other,0,0,N,N,NA
M,35-44,3,Independent,0,0,N,N,NA
F,35-44,2,Other,0,0,N,N,NA
F,25-34,3,Independent,0,0,N,N,NA
M,25-34,2,Democrat,0,0,N,N,NA
F,65+,1,Other,0,0,N,N,NA
F,18-24,3,Democrat,0,0,N,N,NA
M,25-34,3,Independent,0,0,N,N,NA
M,65+,3,Independent,0,0,N,N,NA
F,65+,3,Democrat,0,0,N,N,NA
M,65+,3,Democrat,0,0,N,N,NA
F,35-44,3,Democrat,0,0,N,N,NA
F,35-44,3,Independent,0,0,N,N,NA
M,35-44,3,Democrat,0,0,N,N,NA
F,25-34,2,Democrat,0,0,N,N,NA
F,45-54,2,Other,0,0,N,N,NA
F,65+,3,Democrat,0,0,N,N,NA
F,18-24,3,Other,0,0,N,N,NA
F,25-34,3,Democrat,0,0,N,N,NA
M,25-34,3,Democrat,1,47,N,N,NA
M,35-44,1,Democrat,0,0,N,N,NA
F,55-64,3,Independent,0,0,N,N,NA
F,25-34,3,Democrat,0,0,N,N,NA
F,25-34,2,Other,0,0,N,N,NA
M,65+,1,Democrat,0,0,N,N,NA
F,18-24,1,Democrat,0,0,Y,N,NA
M,55-64,1,Democrat,0,0,N,N,NA
M,18-24,1,Other,0,0,N,N,NA
F,65+,3,Democrat,0,0,N,N,NA
M,45-54,3,Democrat,0,0,N,Y,Twitter
M,65+,2,Democrat,0,0,N,N,NA
M,35-44,2,Democrat,0,0,N,N,NA
M,35-44,3,Democrat,0,0,N,N,NA
M,25-34,1,Other,0,0,N,N,NA
M,65+,3,Democrat,0,0,N,N,NA
F,65+,3,Democrat,0,0,N,N,NA
F,55-64,3,Other,0,0,N,Y,Email
F,35-44,3,Other,0,0,N,N,NA
M,65+,1,Democrat,0,0,N,N,NA
M,65+,2,Democrat,0,0,N,N,NA
F,65+,2,Democrat,0,0,N,N,NA
F,35-44,2,Independent,0,0,N,N,NA
M,45-54,2,Democrat,0,0,N,N,NA
M,18-24,3,Democrat,0,0,N,N,NA
F,35-44,3,Democrat,0,0,N,N,NA
F,18-24,1,Democrat,0,0,N,N,NA
F,65+,1,Democrat,0,0,N,N,NA
F,18-24,2,Democrat,0,0,N,N,NA
F,65+,1,Independent,0,0,N,N,NA
M,45-54,2,Democrat,0,0,N,N,NA
M,18-24,2,Democrat,0,0,N,Y,Twitter
M,45-54,1,Democrat,0,0,N,N,NA
F,35-44,2,Independent,0,0,N,N,NA
F,35-44,1,Democrat,0,0,N,N,NA
F,18-24,1,Democrat,0,0,N,N,NA
F,65+,1,Democrat,0,0,N,N,NA
F,65+,3,Democrat,0,0,N,N,NA
F,65+,3,Democrat,0,0,N,N,NA
F,65+,2,Democrat,1,19,N,N,NA
M,35-44,1,Independent,0,0,N,N,NA
M,45-54,1,Independent,0,0,N,N,NA
F,65+,2,Independent,0,0,N,N,NA
M,65+,1,Democrat,0,0,N,N,NA
F,45-54,2,Democrat,0,0,N,N,NA
M,18-24,2,Independent,0,0,N,N,NA
M,18-24,2,Independent,0,0,N,Y,Twitter
M,18-24,2,Democrat,0,0,N,N,NA
F,65+,2,Other,0,0,N,N,NA
F,25-34,3,Democrat,0,0,N,N,NA
F,35-44,3,Other,0,0,N,N,NA
M,65+,3,Independent,0,0,N,N,NA
M,35-44,1,Democrat,0,0,N,N,NA
F,18-24,1,Other,1,23,N,N,NA
M,65+,1,Democrat,1,23,N,N,NA
M,25-34,1,Democrat,0,0,N,N,NA
M,65+,1,Independent,0,0,N,N,NA
F,25-34,3,Other,0,0,N,Y,Email
M,18-24,1,Democrat,0,0,N,N,NA
F,35-44,1,Democrat,0,0,N,N,NA
F,18-24,1,Independent,0,0,N,N,NA
F,55-64,2,Democrat,0,0,N,N,NA
M,35-44,1,Democrat,0,0,N,N,NA
F,65+,2,Democrat,0,0,N,N,NA
F,65+,1,Democrat,0,0,N,N,NA
F,25-34,3,Democrat,0,0,N,N,NA
F,65+,2,Independent,0,0,N,Y,Email
M,65+,2,Democrat,1,16,N,N,NA
F,18-24,3,Independent,0,0,N,N,NA
F,35-44,3,Democrat,0,0,N,Y,Email
F,18-24,1,Democrat,0,0,N,N,NA
M,45-54,2,Democrat,0,0,N,N,NA
F,18-24,3,Other,0,0,N,N,NA
F,65+,3,Independent,0,0,N,N,NA
F,18-24,3,Other,0,0,N,Y,Email
M,25-34,3,Democrat,0,0,N,N,NA
F,55-64,1,Democrat,0,0,N,Y,Twitter
M,25-34,3,Democrat,0,0,N,N,NA
M,55-64,3,Independent,0,0,N,N,NA
F,18-24,3,Democrat,0,0,N,N,NA
F,18-24,3,Democrat,0,0,N,Y,Email
M,18-24,3,Democrat,0,0,Y,N,NA
M,65+,2,Democrat,0,0,N,N,NA
M,45-54,1,Independent,0,0,N,N,NA
F,65+,3,Democrat,0,0,N,N,NA
M,45-54,1,Democrat,0,0,N,N,NA
M,45-54,3,Democrat,1,34,N,N,NA
M,25-34,2,Independent,0,0,N,N,NA
F,55-64,1,Democrat,0,0,N,N,NA
F,35-44,1,Other,0,0,N,N,NA
M,18-24,1,Independent,0,0,N,N,NA
M,65+,3,Independent,0,0,N,N,NA
M,18-24,2,Other,0,0,N,N,NA
F,35-44,1,Other,0,0,N,N,NA
F,65+,1,Democrat,0,0,N,N,NA
F,18-24,3,Independent,0,0,N,Y,Email
F,25-34,2,Democrat,0,0,N,N,NA
M,18-24,3,Democrat,0,0,N,N,NA
M,25-34,3,Democrat,0,0,N,N,NA
M,18-24,3,Democrat,0,0,N,N,NA
F,35-44,2,Democrat,0,0,N,N,NA
M,65+,1,Democrat,0,0,N,N,NA
M,18-24,2,Other,0,0,N,N,NA
M,18-24,2,Democrat,0,0,N,N,NA
F,18-24,1,Democrat,0,0,N,N,NA
M,18-24,3,Democrat,0,0,N,N,NA
F,18-24,3,Democrat,0,0,N,N,NA
M,25-34,3,Democrat,0,0,N,N,NA
F,18-24,2,Democrat,0,0,N,N,NA
F,18-24,2,Democrat,0,0,N,N,NA
F,25-34,3,Democrat,0,0,N,Y,Email
M,65+,3,Independent,0,0,N,N,NA
F,65+,3,Democrat,0,0,N,N,NA
F,55-64,2,Democrat,0,0,N,N,NA
F,25-34,2,Independent,0,0,N,Y,Email
F,65+,1,Democrat,0,0,N,N,NA
M,25-34,3,Other,0,0,N,N,NA
M,35-44,1,Independent,0,0,N,N,NA
F,35-44,1,Democrat,0,0,N,N,NA
F,65+,2,Democrat,0,0,N,N,NA
M,25-34,3,Democrat,1,37,N,N,NA
F,35-44,2,Other,0,0,N,N,NA
F,65+,2,Democrat,0,0,N,Y,Email
F,35-44,1,Independent,0,0,N,N,NA
F,65+,2,Independent,0,0,N,Y,Twitter
F,35-44,3,Democrat,1,46,N,N,NA
F,25-34,1,Democrat,0,0,Y,N,NA
M,65+,3,Democrat,0,0,N,N,NA
M,18-24,3,Democrat,0,0,N,N,NA
M,25-34,3,Democrat,0,0,N,N,NA
M,25-34,3,Democrat,0,0,N,Y,Twitter
M,18-24,3,Democrat,0,0,N,N,NA
M,25-34,1,Democrat,0,0,N,N,NA
F,55-64,1,Democrat,0,0,N,N,NA
M,45-54,3,Independent,0,0,N,N,NA
F,35-44,3,Democrat,0,0,N,N,NA
M,25-34,2,Democrat,0,0,N,N,NA
F,65+,2,Democrat,0,0,N,N,NA
M,45-54,3,Democrat,0,0,N,N,NA
F,65+,3,Democrat,0,0,N,N,NA
M,55-64,2,Other,1,10,N,N,NA
M,25-34,3,Independent,0,0,N,N,NA
M,25-34,3,Democrat,0,0,N,N,NA
F,25-34,2,Democrat,0,0,N,N,NA
M,18-24,1,Democrat,0,0,N,N,NA
M,18-24,2,Democrat,0,0,N,N,NA
F,35-44,2,Democrat,0,0,N,N,NA
M,25-34,2,Other,0,0,N,N,NA
M,65+,3,Democrat,0,0,N,N,NA
M,25-34,1,Democrat,0,0,N,N,NA
M,65+,1,Democrat,0,0,N,N,NA
M,45-54,2,Democrat,1,22,N,N,NA
F,18-24,1,Democrat,0,0,N,N,NA
F,18-24,1,Democrat,0,0,N,N,NA
F,18-24,2,Independent,0,0,N,N,NA
M,65+,2,Democrat,0,0,N,N,NA
M,25-34,2,Democrat,0,0,N,N,NA
F,45-54,1,Democrat,0,0,N,N,NA
F,65+,2,Independent,0,0,N,N,NA
M,25-34,2,Democrat,0,0,N,N,NA
F,25-34,1,Independent,0,0,N,N,NA
F,25-34,1,Other,0,0,N,N,NA
M,18-24,3,Democrat,0,0,N,N,NA
M,65+,2,Independent,0,0,N,N,NA
F,25-34,2,Independent,1,21,N,N,NA
F,18-24,1,Democrat,0,0,N,N,NA
F,35-44,2,Other,0,0,N,N,NA
F,25-34,3,Democrat,1,32,N,N,NA
M,65+,1,Democrat,0,0,N,N,NA
M,18-24,2,Democrat,0,0,N,N,NA
F,25-34,3,Democrat,0,0,N,N,NA
F,65+,2,Other,0,0,N,N,NA
F,25-34,3,Democrat,0,0,N,N,NA
M,65+,3,Democrat,0,0,N,N,NA
M,35-44,3,Independent,0,0,N,N,NA
M,55-64,3,Democrat,0,0,Y,N,NA
F,65+,2,Independent,0,0,N,Y,Email
F,55-64,3,Democrat,0,0,N,N,NA
F,65+,3,Independent,0,0,N,N,NA
F,65+,3,Democrat,0,0,N,N,NA
F,18-24,1,Democrat,0,0,N,N,NA
M,18-24,2,Democrat,0,0,N,N,NA
F,25-34,3,Democrat,0,0,N,N,NA
M,55-64,2,Independent,0,0,N,N,NA
M,35-44,3,Independent,0,0,N,N,NA
M,18-24,3,Democrat,0,0,Y,N,NA
F,18-24,2,Independent,0,0,N,N,NA
F,25-34,2,Other,0,0,N,N,NA
F,18-24,3,Independent,0,0,N,N,NA
F,45-54,1,Democrat,0,0,N,N,NA
F,35-44,2,Democrat,0,0,N,N,NA
M,18-24,3,Independent,1,29,N,N,NA
M,65+,3,Democrat,0,0,N,N,NA
M,25-34,1,Democrat,0,0,N,N,NA
M,65+,1,Democrat,0,0,N,N,NA
M,18-24,1,Independent,0,0,N,N,NA
M,18-24,2,Independent,0,0,N,N,NA
F,35-44,1,Democrat,0,0,N,N,NA
F,25-34,2,Independent,0,0,N,N,NA
M,65+,3,Independent,0,0,N,N,NA
F,65+,3,Independent,0,0,N,N,NA
M,65+,2,Democrat,0,0,N,N,NA
F,45-54,3,Democrat,0,0,N,N,NA
F,25-34,1,Democrat,0,0,N,N,NA
M,25-34,2,Democrat,0,0,N,N,NA
F,18-24,3,Democrat,0,0,N,N,NA
F,35-44,3,Democrat,0,0,N,N,NA
F,18-24,1,Independent,0,0,N,Y,Email
F,45-54,1,Democrat,0,0,N,Y,Twitter
F,65+,1,Independent,0,0,N,N,NA
F,65+,3,Democrat,0,0,N,N,NA
M,65+,3,Democrat,0,0,N,N,NA
M,65+,1,Democrat,0,0,N,N,NA
M,35-44,2,Democrat,0,0,N,N,NA
M,18-24,3,Independent,0,0,N,N,NA
M,45-54,1,Democrat,0,0,N,N,NA
F,18-24,1,Independent,0,0,N,N,NA
F,45-54,3,Democrat,1,36,N,N,NA
F,18-24,2,Democrat,0,0,N,N,NA
M,55-64,2,Democrat,0,0,N,N,NA
F,18-24,3,Democrat,0,0,N,N,NA
M,18-24,1,Other,0,0,N,N,NA
F,18-24,1,Democrat,0,0,N,N,NA
F,35-44,2,Democrat,0,0,N,N,NA
M,65+,1,Independent,0,0,N,N,NA
F,65+,2,Democrat,1,22,N,N,NA
M,45-54,2,Democrat,0,0,N,N,NA
M,65+,2,Democrat,0,0,N,N,NA
M,65+,2,Independent,0,0,N,N,NA
F,45-54,2,Democrat,0,0,N,Y,Twitter
F,45-54,2,Democrat,0,0,Y,N,NA
M,18-24,1,Democrat,0,0,N,N,NA
M,45-54,3,Democrat,0,0,N,N,NA
F,25-34,2,Democrat,0,0,N,N,NA
F,25-34,3,Democrat,0,0,N,N,NA
M,18-24,3,Democrat,0,0,N,N,NA
M,18-24,3,Independent,0,0,N,N,NA
M,35-44,3,Democrat,0,0,N,N,NA
M,45-54,3,Independent,0,0,N,N,NA
F,18-24,2,Democrat,0,0,N,N,NA
M,35-44,1,Democrat,0,0,N,N,NA
F,25-34,1,Democrat,0,0,N,N,NA
M,18-24,3,Democrat,0,0,N,N,NA
F,55-64,1,Other,0,0,N,N,NA
M,65+,2,Independent,1,13,N,N,NA
M,18-24,1,Democrat,0,0,N,N,NA
F,18-24,3,Other,0,0,N,N,NA
F,35-44,2,Democrat,0,0,N,N,NA
M,18-24,1,Democrat,0,0,N,N,NA
M,18-24,2,Independent,0,0,N,N,NA
M,65+,3,Independent,0,0,N,N,NA
F,25-34,3,Democrat,0,0,N,N,NA
M,65+,2,Other,0,0,N,N,NA
F,55-64,2,Democrat,0,0,N,N,NA
M,25-34,3,Democrat,0,0,N,N,NA
F,65+,1,Democrat,0,0,N,N,NA
M,65+,2,Democrat,0,0,N,N,NA
M,18-24,1,Democrat,0,0,N,N,NA
M,55-64,2,Democrat,0,0,N,N,NA
M,65+,3,Independent,0,0,N,N,NA
M,18-24,3,Other,0,0,N,N,NA
F,18-24,3,Democrat,0,0,N,N,NA
F,35-44,1,Democrat,0,0,N,N,NA
M,35-44,3,Democrat,0,0,N,N,NA
M,25-34,2,Democrat,0,0,N,N,NA
F,45-54,2,Independent,0,0,N,N,NA
F,65+,2,Other,0,0,N,N,NA
M,65+,1,Democrat,0,0,N,N,NA
M,18-24,2,Democrat,0,0,N,N,NA
M,25-34,2,Independent,0,0,N,N,NA
M,55-64,2,Democrat,0,0,N,N,NA
M,65+,2,Democrat,1,18,N,N,NA
M,65+,3,Democrat,0,0,N,N,NA
M,55-64,1,Democrat,0,0,N,N,NA
M,65+,1,Democrat,0,0,N,N,NA
M,65+,2,Independent,0,0,N,N,NA
F,25-34,2,Other,0,0,N,N,NA
F,65+,2,Democrat,0,0,N,N,NA
F,45-54,2,Other,0,0,N,N,NA
M,65+,2,Democrat,0,0,N,N,NA
F,18-24,3,Other,0,0,N,N,NA
M,25-34,1,Independent,0,0,N,N,NA
F,18-24,3,Democrat,0,0,N,N,NA
F,18-24,2,Other,1,25,N,N,NA
F,25-34,2,Independent,0,0,N,N,NA
M,18-24,1,Democrat,0,0,N,N,NA
F,65+,2,Democrat,0,0,N,N,NA
F,35-44,3,Other,0,0,N,N,NA
F,65+,3,Democrat,0,0,N,N,NA
M,45-54,3,Democrat,0,0,N,N,NA
F,18-24,1,Democrat,0,0,N,N,NA
M,18-24,3,Democrat,0,0,N,N,NA
F,45-54,3,Democrat,0,0,N,N,NA
F,65+,2,Democrat,0,0,N,N,NA
M,45-54,3,Democrat,0,0,N,N,NA
M,65+,1,Democrat,0,0,N,N,NA
M,25-34,1,Democrat,0,0,N,N,NA
F,65+,3,Democrat,0,0,N,N,NA
M,25-34,1,Independent,0,0,N,N,NA
F,25-34,2,Democrat,0,0,N,N,NA
F,45-54,2,Democrat,0,0,N,N,NA
F,55-64,1,Independent,0,0,N,N,NA
F,45-54,2,Democrat,0,0,N,N,NA
F,25-34,1,Democrat,0,0,N,Y,Email
M,35-44,1,Other,0,0,N,N,NA
F,65+,1,Democrat,0,0,N,N,NA
F,45-54,1,Democrat,0,0,N,N,NA
F,45-54,1,Democrat,0,0,N,N,NA
M,18-24,2,Democrat,0,0,N,N,NA
F,45-54,1,Democrat,0,0,N,N,NA
M,55-64,2,Independent,0,0,N,Y,Twitter
M,65+,2,Democrat,0,0,N,N,NA
F,18-24,1,Democrat,0,0,N,N,NA
F,55-64,1,Independent,1,23,N,N,NA
F,65+,1,Independent,0,0,N,N,NA
F,55-64,1,Other,0,0,N,N,NA
M,45-54,3,Democrat,0,0,N,N,NA
F,25-34,3,Democrat,1,37,N,N,NA
F,55-64,2,Democrat,1,22,N,N,NA
M,65+,1,Independent,1,23,N,N,NA
F,18-24,2,Democrat,0,0,N,N,NA
M,25-34,3,Democrat,0,0,N,N,NA
F,55-64,1,Other,0,0,N,Y,Twitter
F,65+,2,Independent,0,0,N,N,NA
M,65+,1,Democrat,0,0,N,N,NA
F,55-64,1,Democrat,0,0,N,N,NA
F,45-54,2,Democrat,0,0,N,N,NA
F,65+,3,Democrat,0,0,Y,N,NA
M,65+,2,Democrat,0,0,N,N,NA
M,18-24,1,Democrat,0,0,N,N,NA
F,65+,1,Democrat,0,0,N,N,NA
F,65+,1,Democrat,0,0,N,N,NA
F,18-24,2,Democrat,0,0,N,N,NA
M,65+,2,Independent,0,0,N,N,NA
F,45-54,1,Democrat,0,0,N,N,NA
M,65+,1,Democrat,0,0,N,N,NA
M,18-24,1,Democrat,0,0,N,N,NA
M,18-24,2,Democrat,0,0,N,N,NA
F,25-34,3,Independent,0,0,N,N,NA
F,55-64,2,Independent,0,0,N,N,NA
F,35-44,1,Democrat,1,31,N,N,NA
M,18-24,2,Independent,0,0,N,N,NA
M,18-24,3,Democrat,0,0,N,N,NA
F,18-24,1,Independent,0,0,Y,N,NA
F,18-24,3,Democrat,0,0,N,N,NA
M,65+,3,Democrat,0,0,N,N,NA
F,25-34,1,Democrat,0,0,N,N,NA
M,65+,2,Democrat,0,0,N,N,NA
F,65+,2,Independent,0,0,N,N,NA
F,45-54,2,Independent,0,0,N,N,NA
M,18-24,3,Democrat,0,0,N,N,NA
F,65+,3,Democrat,0,0,N,N,NA
F,65+,3,Other,0,0,N,N,NA
M,18-24,3,Independent,1,27,N,N,NA
F,25-34,3,Democrat,0,0,N,N,NA
F,55-64,2,Democrat,0,0,N,N,NA
F,35-44,2,Democrat,0,0,N,N,NA
F,65+,3,Other,0,0,N,N,NA
F,65+,1,Democrat,0,0,N,N,NA
M,55-64,3,Independent,0,0,N,N,NA
M,25-34,2,Democrat,1,27,N,N,NA
F,65+,1,Democrat,0,0,N,N,NA
F,35-44,1,Democrat,0,0,Y,N,NA
M,55-64,3,Democrat,1,43,N,N,NA
M,35-44,3,Independent,0,0,N,N,NA
F,18-24,2,Democrat,0,0,N,N,NA
M,45-54,3,Democrat,0,0,N,N,NA
M,65+,2,Democrat,0,0,N,N,NA
F,18-24,1,Democrat,0,0,N,N,NA
F,65+,1,Democrat,0,0,N,N,NA
F,25-34,3,Independent,0,0,N,N,NA
M,25-34,2,Democrat,1,27,N,N,NA
F,55-64,1,Democrat,0,0,N,N,NA
F,35-44,3,Democrat,0,0,N,N,NA
F,55-64,2,Democrat,0,0,N,Y,Email
F,65+,2,Democrat,0,0,N,N,NA
F,65+,2,Democrat,0,0,N,N,NA
M,18-24,3,Democrat,0,0,N,N,NA
F,65+,1,Democrat,0,0,N,N,NA
M,35-44,2,Democrat,0,0,N,N,NA
M,18-24,3,Other,0,0,N,N,NA
M,65+,3,Democrat,0,0,N,N,NA
F,65+,3,Democrat,0,0,N,N,NA
F,25-34,3,Other,0,0,N,N,NA
M,35-44,3,Democrat,0,0,N,N,NA
M,25-34,1,Other,0,0,N,N,NA
M,65+,3,Democrat,0,0,N,N,NA
F,35-44,1,Democrat,0,0,N,N,NA
M,55-64,3,Democrat,1,39,N,N,NA
F,25-34,3,Democrat,0,0,N,N,NA
F,25-34,1,Democrat,0,0,N,N,NA
F,35-44,3,Independent,0,0,N,N,NA
M,25-34,2,Democrat,0,0,N,N,NA
M,25-34,2,Other,0,0,N,N,NA
F,25-34,3,Democrat,0,0,N,N,NA
F,55-64,2,Independent,0,0,N,N,NA
F,18-24,1,Democrat,0,0,N,N,NA
F,55-64,3,Democrat,0,0,N,N,NA
M,25-34,1,Democrat,0,0,N,N,NA
F,35-44,3,Independent,0,0,N,N,NA
M,18-24,3,Democrat,0,0,N,N,NA
F,65+,1,Democrat,0,0,N,N,NA
F,55-64,3,Democrat,0,0,N,N,NA
F,65+,1,Democrat,0,0,N,N,NA
M,35-44,2,Democrat,1,21,N,N,NA
M,18-24,1,Democrat,0,0,N,N,NA
M,45-54,1,Independent,0,0,N,N,NA
F,25-34,2,Democrat,1,15,N,N,NA
F,18-24,3,Democrat,0,0,N,N,NA
F,25-34,3,Democrat,0,0,N,N,NA
F,55-64,2,Democrat,0,0,N,N,NA
M,35-44,2,Democrat,0,0,N,N,NA
F,25-34,1,Democrat,0,0,N,N,NA
M,45-54,2,Democrat,0,0,N,N,NA
F,65+,1,Democrat,0,0,N,N,NA
F,25-34,2,Independent,0,0,N,N,NA
M,18-24,3,Independent,0,0,N,N,NA
M,65+,2,Democrat,0,0,N,N,NA
M,65+,3,Democrat,0,0,N,N,NA
M,65+,2,Other,0,0,N,N,NA
F,65+,2,Democrat,0,0,N,N,NA
F,45-54,2,Other,0,0,N,N,NA
F,45-54,2,Independent,0,0,N,N,NA
M,25-34,1,Democrat,0,0,N,N,NA
M,35-44,3,Independent,1,22,N,N,NA
M,25-34,2,Democrat,0,0,N,N,NA
M,35-44,3,Independent,0,0,N,N,NA
F,25-34,3,Democrat,0,0,N,N,NA
M,35-44,3,Independent,0,0,N,N,NA
F,65+,2,Independent,0,0,N,N,NA
F,18-24,2,Democrat,0,0,N,N,NA
M,65+,1,Democrat,0,0,N,N,NA
M,35-44,2,Democrat,0,0,N,N,NA
M,45-54,2,Democrat,0,0,N,N,NA
F,18-24,2,Democrat,0,0,N,Y,Email
M,25-34,1,Democrat,0,0,N,N,NA
F,25-34,1,Democrat,0,0,N,N,NA
M,65+,1,Democrat,0,0,N,N,NA
F,18-24,1,Democrat,0,0,N,N,NA
F,25-34,3,Democrat,0,0,N,N,NA
F,65+,1,Democrat,0,0,N,N,NA
M,18-24,3,Democrat,0,0,N,N,NA
F,65+,1,Democrat,0,0,N,N,NA
F,65+,3,Democrat,0,0,N,N,NA
F,25-34,1,Democrat,0,0,N,N,NA
M,65+,3,Democrat,0,0,N,N,NA
M,65+,3,Democrat,0,0,N,N,NA
M,35-44,2,Democrat,0,0,N,N,NA
F,25-34,3,Independent,0,0,N,N,NA
M,25-34,1,Independent,0,0,N,N,NA
F,65+,2,Democrat,0,0,N,N,NA
M,65+,3,Independent,0,0,N,N,NA
M,55-64,2,Democrat,0,0,N,N,NA
F,18-24,2,Democrat,0,0,N,N,NA
F,18-24,2,Democrat,0,0,N,N,NA
F,25-34,2,Democrat,0,0,N,N,NA
F,25-34,3,Independent,0,0,N,N,NA
M,65+,3,Democrat,0,0,N,N,NA
M,65+,1,Democrat,0,0,N,N,NA
M,65+,2,Other,0,0,N,N,NA
M,18-24,2,Other,0,0,N,N,NA
M,45-54,1,Democrat,0,0,N,N,NA
M,45-54,1,Democrat,0,0,N,N,NA
F,25-34,3,Democrat,1,47,N,N,NA
M,25-34,3,Democrat,0,0,N,N,NA
F,65+,2,Independent,0,0,N,N,NA
F,65+,1,Democrat,0,0,N,Y,Twitter
M,55-64,1,Democrat,0,0,N,N,NA
F,35-44,2,Democrat,0,0,N,N,NA
F,55-64,1,Democrat,0,0,N,N,NA
F,25-34,3,Independent,0,0,N,N,NA
M,35-44,2,Independent,0,0,N,N,NA
F,25-34,2,Independent,0,0,N,N,NA
M,55-64,3,Other,0,0,N,N,NA
M,55-64,3,Democrat,1,47,N,N,NA
M,65+,1,Democrat,0,0,N,N,NA
M,18-24,1,Other,0,0,N,N,NA
M,25-34,3,Democrat,0,0,N,N,NA
F,25-34,3,Democrat,0,0,N,N,NA
M,65+,3,Democrat,0,0,N,N,NA
F,65+,3,Democrat,0,0,N,N,NA
M,65+,3,Democrat,0,0,N,N,NA
F,25-34,1,Democrat,0,0,N,N,NA
M,55-64,1,Democrat,0,0,N,N,NA
M,65+,3,Other,0,0,N,N,NA
M,18-24,3,Independent,0,0,N,N,NA
F,25-34,1,Democrat,0,0,N,N,NA
M,65+,2,Democrat,0,0,N,N,NA
F,55-64,1,Other,0,0,N,N,NA
F,18-24,1,Democrat,0,0,N,N,NA
M,35-44,2,Democrat,0,0,N,N,NA
F,25-34,3,Independent,0,0,N,N,NA
M,25-34,2,Democrat,0,0,N,N,NA
F,65+,3,Democrat,0,0,N,N,NA
M,35-44,1,Independent,0,0,N,N,NA
F,35-44,3,Independent,0,0,N,N,NA
F,25-34,2,Democrat,0,0,N,N,NA
M,18-24,2,Other,0,0,N,N,NA
M,18-24,2,Democrat,0,0,N,Y,Email
M,35-44,1,Democrat,0,0,N,N,NA
F,25-34,1,Independent,0,0,N,N,NA
M,65+,2,Independent,0,0,N,N,NA
F,25-34,2,Independent,0,0,N,N,NA
F,45-54,3,Democrat,1,32,N,N,NA
F,25-34,3,Independent,0,0,N,N,NA
M,55-64,1,Democrat,0,0,N,N,NA
F,25-34,2,Other,0,0,N,N,NA
M,25-34,3,Independent,0,0,N,N,NA
M,65+,1,Democrat,0,0,N,N,NA
F,25-34,3,Democrat,0,0,N,N,NA
M,18-24,1,Democrat,0,0,N,N,NA
M,18-24,1,Democrat,0,0,N,N,NA
F,18-24,2,Democrat,0,0,N,N,NA
F,18-24,2,Democrat,0,0,N,N,NA
M,65+,3,Democrat,0,0,N,N,NA
F,18-24,2,Independent,0,0,N,N,NA
F,18-24,3,Democrat,0,0,N,N,NA
M,25-34,2,Democrat,1,23,N,N,NA
M,18-24,2,Democrat,0,0,N,N,NA
M,65+,1,Independent,0,0,N,N,NA
M,35-44,2,Democrat,1,24,N,N,NA
M,45-54,2,Democrat,0,0,N,N,NA
M,18-24,3,Other,0,0,N,N,NA
M,65+,3,Independent,0,0,N,N,NA
M,35-44,2,Democrat,0,0,N,N,NA
M,35-44,3,Other,0,0,N,N,NA
F,18-24,3,Independent,0,0,N,N,NA
M,65+,2,Democrat,0,0,N,N,NA
F,35-44,2,Democrat,0,0,N,N,NA
F,25-34,3,Democrat,0,0,N,Y,Twitter
F,65+,3,Democrat,0,0,N,N,NA
F,65+,1,Independent,0,0,N,N,NA
M,18-24,1,Democrat,0,0,N,N,NA
M,45-54,3,Democrat,1,34,N,N,NA
M,25-34,1,Independent,0,0,N,N,NA
M,25-34,3,Democrat,0,0,N,N,NA
M,25-34,3,Democrat,0,0,N,N,NA
M,55-64,2,Democrat,1,15,N,N,NA
F,25-34,1,Democrat,0,0,N,N,NA
F,25-34,2,Independent,0,0,N,N,NA
M,35-44,2,Other,0,0,N,N,NA
M,18-24,1,Democrat,0,0,N,N,NA
F,45-54,1,Democrat,0,0,Y,N,NA
F,18-24,3,Independent,0,0,N,N,NA
F,18-24,2,Other,0,0,N,N,NA
F,65+,2,Democrat,0,0,N,Y,Email
M,65+,2,Democrat,0,0,N,N,NA
M,45-54,3,Democrat,0,0,N,N,NA
M,25-34,3,Independent,0,0,N,N,NA
F,35-44,2,Democrat,0,0,N,N,NA
M,25-34,1,Other,0,0,N,N,NA
F,35-44,3,Democrat,0,0,N,N,NA
F,25-34,1,Democrat,0,0,N,N,NA
M,35-44,2,Democrat,0,0,N,N,NA
F,25-34,3,Democrat,0,0,N,N,NA
M,45-54,3,Democrat,0,0,N,N,NA
F,45-54,3,Other,0,0,N,N,NA
F,45-54,2,Democrat,0,0,N,N,NA
F,25-34,2,Independent,0,0,N,N,NA
F,18-24,2,Other,0,0,N,N,NA
M,65+,2,Democrat,0,0,N,N,NA
F,65+,3,Democrat,0,0,N,Y,Email
F,18-24,2,Democrat,0,0,N,N,NA
M,65+,3,Democrat,0,0,N,N,NA
F,18-24,2,Democrat,1,21,N,N,NA
M,18-24,1,Democrat,0,0,N,N,NA
M,18-24,3,Other,0,0,N,N,NA
F,65+,2,Democrat,0,0,N,N,NA
F,65+,1,Democrat,0,0,N,N,NA
M,35-44,3,Independent,0,0,N,N,NA
M,65+,3,Other,0,0,N,Y,Email
M,55-64,2,Democrat,0,0,N,N,NA
F,25-34,3,Democrat,0,0,N,N,NA
F,25-34,3,Democrat,0,0,N,N,NA
M,18-24,2,Democrat,0,0,N,N,NA
M,18-24,3,Democrat,0,0,N,N,NA
M,65+,2,Democrat,1,35,N,N,NA
M,35-44,2,Democrat,0,0,N,N,NA
F,55-64,1,Democrat,0,0,N,N,NA
F,25-34,2,Democrat,0,0,N,N,NA
M,45-54,1,Democrat,0,0,N,N,NA
M,45-54,2,Democrat,0,0,N,Y,Email
F,25-34,1,Democrat,0,0,N,N,NA
F,25-34,3,Democrat,0,0,N,N,NA
M,65+,3,Democrat,0,0,N,N,NA
F,65+,2,Democrat,0,0,N,N,NA
M,45-54,1,Democrat,0,0,N,N,NA
F,25-34,2,Independent,1,20,N,N,NA
M,45-54,2,Other,0,0,N,N,NA
M,65+,2,Democrat,0,0,N,N,NA
M,65+,3,Other,0,0,N,N,NA
M,55-64,3,Democrat,0,0,N,N,NA
F,65+,1,Democrat,0,0,N,N,NA
M,25-34,2,Democrat,0,0,N,N,NA
F,18-24,1,Democrat,0,0,N,N,NA
M,65+,2,Independent,0,0,N,N,NA
F,35-44,3,Democrat,0,0,N,N,NA
M,25-34,2,Independent,0,0,N,N,NA
M,25-34,1,Democrat,0,0,N,N,NA
M,65+,2,Democrat,0,0,N,Y,Email
M,65+,2,Democrat,0,0,N,N,NA
M,65+,1,Democrat,0,0,N,N,NA
F,18-24,1,Democrat,0,0,N,N,NA
F,18-24,3,Independent,0,0,N,N,NA
F,45-54,1,Democrat,0,0,N,N,NA
F,65+,1,Independent,0,0,N,N,NA
M,18-24,1,Independent,0,0,N,N,NA
M,18-24,3,Democrat,0,0,N,N,NA
M,45-54,3,Democrat,0,0,N,N,NA
M,18-24,2,Democrat,0,0,N,N,NA
F,18-24,2,Democrat,0,0,N,N,NA
M,18-24,2,Independent,0,0,N,Y,Email
M,35-44,1,Democrat,0,0,N,N,NA
F,65+,2,Democrat,0,0,N,N,NA
F,65+,2,Democrat,0,0,N,N,NA
M,35-44,3,Other,0,0,N,N,NA
F,45-54,3,Other,0,0,N,N,NA
F,65+,1,Democrat,0,0,N,N,NA
M,25-34,1,Independent,0,0,N,N,NA
F,55-64,2,Democrat,0,0,N,N,NA
M,18-24,1,Democrat,0,0,N,N,NA
M,65+,1,Democrat,0,0,N,N,NA
F,55-64,2,Democrat,0,0,N,N,NA
M,18-24,3,Democrat,0,0,N,N,NA
M,35-44,2,Democrat,0,0,N,N,NA
M,65+,1,Other,0,0,N,N,NA
F,55-64,3,Democrat,0,0,N,N,NA
F,55-64,1,Other,0,0,N,N,NA
M,25-34,2,Independent,0,0,N,N,NA
F,18-24,1,Independent,0,0,N,N,NA
M,55-64,3,Democrat,0,0,N,N,NA
M,18-24,1,Democrat,0,0,N,N,NA
M,35-44,2,Democrat,0,0,N,N,NA
F,65+,3,Democrat,0,0,N,N,NA
M,45-54,2,Democrat,0,0,N,N,NA
F,55-64,1,Other,0,0,N,N,NA
M,55-64,1,Democrat,0,0,N,N,NA
M,25-34,2,Democrat,1,22,N,N,NA
M,55-64,2,Democrat,0,0,N,N,NA
F,18-24,1,Democrat,0,0,N,N,NA
M,25-34,1,Democrat,0,0,N,N,NA
F,65+,3,Democrat,0,0,N,N,NA
F,18-24,1,Democrat,0,0,N,N,NA
M,25-34,1,Democrat,0,0,N,N,NA
M,55-64,2,Independent,0,0,N,Y,Email
F,18-24,2,Independent,0,0,N,N,NA
M,65+,3,Independent,0,0,N,N,NA
M,18-24,3,Democrat,0,0,N,N,NA
F,65+,3,Democrat,0,0,N,N,NA
F,25-34,3,Other,0,0,N,N,NA
M,18-24,2,Independent,0,0,N,N,NA
M,18-24,3,Democrat,0,0,N,N,NA
M,18-24,2,Democrat,0,0,N,N,NA
M,35-44,1,Democrat,0,0,N,N,NA
F,65+,2,Democrat,0,0,N,N,NA
F,25-34,2,Democrat,0,0,N,N,NA
M,25-34,3,Democrat,0,0,N,N,NA
F,25-34,3,Other,0,0,N,N,NA
F,25-34,2,Democrat,0,0,N,N,NA
F,35-44,1,Independent,0,0,N,N,NA
F,65+,3,Democrat,0,0,N,N,NA
F,45-54,3,Democrat,0,0,N,N,NA
M,65+,1,Democrat,0,0,N,N,NA
M,65+,1,Democrat,0,0,N,N,NA
F,18-24,3,Independent,0,0,N,N,NA
M,18-24,3,Other,0,0,N,N,NA
F,65+,1,Independent,0,0,N,N,NA
F,45-54,1,Democrat,0,0,N,N,NA
F,55-64,1,Independent,1,25,N,N,NA
M,18-24,1,Independent,0,0,N,Y,Email
F,35-44,2,Democrat,1,30,N,N,NA
M,18-24,3,Democrat,0,0,N,N,NA
M,25-34,2,Independent,0,0,N,N,NA
F,65+,3,Independent,0,0,N,N,NA
M,55-64,3,Other,0,0,N,N,NA
F,55-64,2,Democrat,0,0,N,N,NA
M,25-34,3,Democrat,0,0,N,Y,Twitter
M,45-54,3,Other,0,0,N,N,NA
M,55-64,2,Democrat,0,0,N,N,NA
M,25-34,3,Independent,0,0,N,N,NA
F,18-24,1,Independent,1,23,N,N,NA
M,25-34,2,Democrat,0,0,N,N,NA
F,18-24,3,Democrat,0,0,N,N,NA
F,25-34,3,Democrat,0,0,N,N,NA
M,65+,2,Democrat,1,22,N,N,NA
F,35-44,1,Democrat,0,0,N,N,NA
M,55-64,2,Democrat,0,0,N,N,NA
F,35-44,3,Democrat,0,0,N,N,NA
F,65+,3,Democrat,0,0,N,N,NA
M,18-24,2,Democrat,0,0,N,N,NA
F,35-44,1,Democrat,0,0,N,N,NA
M,45-54,3,Independent,0,0,N,N,NA
F,65+,3,Democrat,0,0,N,N,NA
F,18-24,1,Democrat,0,0,N,N,NA
F,65+,1,Democrat,0,0,Y,N,NA
M,65+,2,Democrat,0,0,N,N,NA
F,65+,3,Independent,0,0,N,N,NA
M,65+,2,Democrat,0,0,N,N,NA
M,45-54,3,Democrat,0,0,N,N,NA
F,65+,1,Democrat,0,0,N,N,NA
F,18-24,2,Democrat,0,0,N,N,NA
F,18-24,1,Independent,0,0,N,N,NA
M,25-34,3,Independent,0,0,N,N,NA
M,25-34,3,Democrat,0,0,N,N,NA
M,35-44,1,Democrat,0,0,N,N,NA
F,18-24,2,Democrat,0,0,N,N,NA
M,35-44,3,Democrat,0,0,N,N,NA
F,35-44,2,Independent,0,0,N,N,NA
F,18-24,2,Independent,0,0,N,N,NA
F,65+,3,Democrat,0,0,N,N,NA
F,25-34,1,Democrat,0,0,N,N,NA
F,25-34,3,Democrat,0,0,N,N,NA
F,25-34,2,Independent,0,0,N,N,NA
F,65+,1,Democrat,0,0,N,N,NA
M,65+,2,Independent,1,21,N,Y,Email
M,25-34,3,Independent,0,0,N,N,NA
M,45-54,2,Democrat,0,0,N,N,NA
M,65+,2,Democrat,0,0,N,N,NA
M,65+,2,Democrat,0,0,N,N,NA
F,25-34,2,Independent,0,0,N,N,NA
F,55-64,1,Democrat,0,0,Y,N,NA
F,45-54,3,Democrat,0,0,N,N,NA
F,25-34,3,Other,0,0,N,N,NA
M,35-44,3,Democrat,0,0,N,N,NA
M,18-24,2,Other,0,0,N,N,NA
M,25-34,1,Democrat,0,0,N,N,NA
F,65+,2,Democrat,0,0,N,N,NA
M,35-44,2,Democrat,0,0,N,N,NA
M,25-34,1,Independent,0,0,N,N,NA
M,18-24,3,Independent,0,0,N,N,NA
F,25-34,2,Democrat,0,0,N,N,NA
F,65+,2,Other,0,0,N,N,NA
F,18-24,2,Other,0,0,N,N,NA
F,25-34,1,Independent,0,0,N,N,NA
F,65+,2,Democrat,0,0,N,N,NA
F,25-34,3,Democrat,0,0,N,N,NA
M,25-34,1,Other,0,0,N,N,NA
F,25-34,3,Democrat,1,29,N,N,NA
F,45-54,1,Democrat,0,0,Y,N,NA
F,65+,2,Democrat,0,0,N,N,NA
M,25-34,1,Democrat,0,0,N,Y,Email
F,18-24,2,Democrat,0,0,N,N,NA
F,65+,2,Independent,0,0,N,N,NA
M,25-34,2,Democrat,0,0,N,N,NA
F,35-44,3,Democrat,0,0,N,N,NA
F,55-64,3,Democrat,0,0,N,N,NA
M,55-64,1,Democrat,0,0,N,N,NA
M,45-54,2,Independent,0,0,N,N,NA
M,18-24,3,Independent,0,0,N,N,NA
F,25-34,3,Democrat,0,0,N,N,NA
M,25-34,1,Other,0,0,N,N,NA
F,35-44,1,Independent,0,0,N,N,NA
F,18-24,2,Democrat,0,0,N,N,NA
F,18-24,2,Other,0,0,N,N,NA
F,18-24,2,Other,0,0,N,N,NA
F,55-64,1,Democrat,0,0,N,N,NA
F,18-24,1,Democrat,0,0,Y,N,NA
F,65+,2,Democrat,0,0,N,N,NA
M,18-24,1,Other,0,0,N,N,NA
M,25-34,3,Democrat,0,0,N,N,NA
F,65+,2,Democrat,0,0,N,N,NA
F,45-54,3,Democrat,0,0,N,N,NA
M,25-34,1,Democrat,0,0,N,N,NA
F,65+,3,Other,0,0,N,Y,Twitter
F,65+,2,Democrat,0,0,N,Y,Email
M,18-24,1,Democrat,0,0,N,Y,Email
M,18-24,3,Democrat,0,0,N,N,NA
F,65+,3,Democrat,0,0,N,Y,Email
F,65+,2,Democrat,0,0,N,N,NA
M,55-64,3,Independent,0,0,N,N,NA
M,65+,3,Democrat,0,0,N,N,NA
F,25-34,1,Other,0,0,N,N,NA
M,25-34,3,Independent,0,0,N,N,NA
M,18-24,1,Independent,0,0,N,N,NA
F,65+,1,Democrat,0,0,N,N,NA
F,55-64,1,Independent,0,0,N,N,NA
M,55-64,3,Independent,0,0,N,N,NA
M,65+,2,Democrat,0,0,N,N,NA
M,18-24,1,Democrat,0,0,N,N,NA
M,18-24,2,Democrat,0,0,N,N,NA
M,35-44,3,Democrat,0,0,N,N,NA
F,45-54,3,Democrat,0,0,N,Y,Twitter
M,25-34,3,Democrat,0,0,N,N,NA
M,25-34,2,Other,0,0,N,N,NA
M,65+,2,Democrat,0,0,N,N,NA
M,65+,1,Independent,0,0,N,N,NA
M,18-24,3,Democrat,0,0,N,N,NA
F,18-24,2,Democrat,0,0,N,N,NA
M,65+,2,Other,1,23,N,N,NA
F,18-24,3,Democrat,0,0,N,N,NA
M,18-24,3,Democrat,0,0,N,N,NA
F,18-24,1,Democrat,1,18,N,Y,Email
M,25-34,2,Independent,0,0,N,Y,Email
F,55-64,3,Independent,0,0,N,N,NA
M,18-24,1,Democrat,0,0,N,N,NA
F,55-64,2,Other,1,22,N,N,NA
F,65+,2,Democrat,0,0,N,N,NA
M,25-34,3,Democrat,0,0,N,N,NA
M,25-34,2,Independent,0,0,N,N,NA
F,65+,2,Democrat,0,0,N,N,NA
M,18-24,2,Democrat,0,0,N,N,NA
F,18-24,1,Democrat,0,0,N,N,NA
F,18-24,2,Democrat,0,0,N,N,NA
M,25-34,3,Democrat,0,0,N,N,NA
M,18-24,2,Independent,1,15,N,N,NA
M,55-64,1,Democrat,0,0,N,N,NA
F,25-34,1,Other,0,0,N,N,NA
M,25-34,3,Other,0,0,N,N,NA
M,35-44,1,Independent,0,0,N,N,NA
M,55-64,3,Democrat,0,0,N,N,NA
M,25-34,1,Democrat,0,0,Y,N,NA
M,18-24,2,Democrat,0,0,N,N,NA
F,65+,2,Other,0,0,N,N,NA
F,65+,2,Democrat,0,0,N,Y,Email
F,65+,2,Democrat,0,0,N,N,NA
F,65+,1,Other,0,0,N,N,NA
F,45-54,1,Independent,0,0,N,N,NA
M,18-24,3,Democrat,0,0,N,N,NA
M,25-34,2,Democrat,0,0,N,N,NA
M,65+,1,Democrat,0,0,N,N,NA
F,65+,1,Democrat,0,0,N,N,NA
F,65+,3,Democrat,0,0,N,N,NA
F,25-34,2,Democrat,0,0,N,N,NA
M,65+,2,Democrat,1,16,N,N,NA
M,18-24,3,Other,0,0,Y,N,NA
M,25-34,2,Democrat,0,0,N,N,NA
F,35-44,2,Independent,0,0,N,N,NA
F,25-34,3,Independent,0,0,N,Y,Email
F,18-24,1,Other,0,0,N,N,NA
M,35-44,3,Democrat,0,0,N,N,NA
F,35-44,1,Democrat,0,0,N,N,NA
F,35-44,3,Democrat,0,0,N,N,NA
M,35-44,1,Other,0,0,N,N,NA
M,55-64,1,Democrat,0,0,N,N,NA
F,65+,1,Democrat,0,0,N,N,NA
F,65+,2,Democrat,0,0,N,N,NA
M,45-54,2,Democrat,0,0,N,N,NA
F,25-34,1,Democrat,0,0,N,N,NA
F,25-34,1,Democrat,0,0,N,N,NA
F,65+,3,Independent,0,0,N,N,NA
M,25-34,2,Other,0,0,N,N,NA
M,35-44,1,Democrat,0,0,N,N,NA
M,65+,2,Democrat,0,0,N,N,NA
F,35-44,2,Independent,0,0,N,N,NA
F,18-24,3,Democrat,0,0,N,N,NA
M,35-44,3,Democrat,0,0,N,N,NA
F,65+,2,Democrat,0,0,N,N,NA
F,18-24,1,Other,0,0,N,N,NA
M,25-34,2,Independent,0,0,N,N,NA
M,45-54,2,Independent,0,0,N,N,NA
F,35-44,1,Independent,0,0,N,N,NA
F,65+,1,Democrat,0,0,N,N,NA
M,25-34,3,Other,0,0,N,N,NA
M,18-24,1,Democrat,0,0,N,N,NA
F,65+,3,Democrat,0,0,N,N,NA
F,35-44,3,Democrat,0,0,N,N,NA
F,25-34,3,Independent,0,0,N,N,NA
M,25-34,3,Independent,0,0,N,N,NA
F,55-64,2,Democrat,0,0,N,N,NA
F,18-24,3,Democrat,0,0,N,N,NA
F,18-24,1,Democrat,0,0,N,N,NA
M,35-44,1,Democrat,0,0,N,N,NA
M,65+,1,Democrat,1,21,N,N,NA
F,65+,3,Democrat,0,0,N,N,NA
F,18-24,2,Democrat,0,0,N,N,NA
M,65+,1,Other,1,17,N,N,NA
F,18-24,1,Independent,0,0,N,N,NA
M,25-34,2,Democrat,0,0,N,N,NA
F,18-24,1,Independent,0,0,N,N,NA
F,18-24,3,Democrat,0,0,N,N,NA
F,18-24,1,Independent,0,0,N,N,NA
M,65+,2,Democrat,0,0,N,N,NA
M,18-24,2,Democrat,1,21,N,N,NA
M,65+,3,Independent,0,0,N,N,NA
M,45-54,1,Democrat,0,0,N,N,NA
M,65+,3,Democrat,0,0,N,N,NA
M,35-44,2,Democrat,0,0,N,N,NA
M,35-44,2,Democrat,0,0,N,Y,Twitter
F,25-34,3,Independent,0,0,N,Y,Email
M,25-34,2,Democrat,0,0,N,N,NA
F,65+,3,Democrat,0,0,N,N,NA
M,55-64,1,Democrat,0,0,N,N,NA
M,65+,2,Democrat,0,0,N,N,NA
M,45-54,2,Democrat,0,0,N,N,NA
M,35-44,1,Democrat,0,0,N,N,NA
F,65+,3,Democrat,0,0,N,N,NA
F,65+,3,Independent,0,0,N,N,NA
M,18-24,2,Other,0,0,N,N,NA
M,18-24,2,Other,0,0,N,N,NA
F,65+,1,Democrat,0,0,N,N,NA
M,35-44,2,Democrat,0,0,N,N,NA
F,18-24,1,Other,0,0,N,N,NA
M,25-34,2,Democrat,0,0,N,N,NA
M,55-64,1,Democrat,0,0,N,N,NA
M,65+,1,Other,0,0,N,Y,Email
M,35-44,3,Democrat,0,0,N,N,NA
M,65+,1,Independent,0,0,Y,N,NA
M,18-24,3,Democrat,0,0,N,N,NA
F,55-64,2,Independent,0,0,N,N,NA
F,18-24,2,Democrat,0,0,N,N,NA
F,45-54,1,Independent,0,0,N,N,NA
M,18-24,2,Independent,0,0,N,N,NA
M,25-34,2,Independent,1,16,N,N,NA
F,65+,1,Democrat,0,0,Y,N,NA
F,18-24,2,Independent,0,0,N,N,NA
F,45-54,3,Democrat,0,0,N,N,NA
F,25-34,2,Democrat,0,0,N,N,NA
F,45-54,2,Democrat,0,0,Y,N,NA
M,65+,2,Democrat,0,0,N,N,NA
M,35-44,2,Democrat,0,0,N,N,NA
M,18-24,3,Democrat,0,0,N,N,NA
M,35-44,1,Independent,0,0,N,N,NA
M,18-24,3,Independent,0,0,N,N,NA
M,18-24,1,Democrat,0,0,N,N,NA
F,55-64,2,Democrat,0,0,N,N,NA
M,18-24,2,Democrat,0,0,N,N,NA
F,25-34,2,Democrat,0,0,N,N,NA
F,18-24,2,Independent,0,0,N,N,NA
M,65+,2,Democrat,0,0,N,N,NA
M,55-64,2,Democrat,0,0,N,N,NA
F,25-34,2,Democrat,0,0,N,N,NA
F,25-34,1,Other,0,0,N,N,NA
F,18-24,2,Democrat,0,0,N,N,NA
F,18-24,1,Democrat,0,0,N,N,NA
M,55-64,3,Democrat,0,0,N,N,NA
M,45-54,1,Democrat,0,0,N,N,NA
M,65+,3,Democrat,0,0,N,N,NA
F,55-64,3,Democrat,0,0,N,N,NA
F,25-34,3,Independent,0,0,N,N,NA
F,35-44,2,Democrat,0,0,N,N,NA
M,35-44,3,Democrat,0,0,N,N,NA
F,65+,3,Democrat,0,0,N,N,NA
F,18-24,2,Democrat,0,0,N,N,NA
F,65+,2,Democrat,0,0,N,N,NA
M,18-24,1,Democrat,0,0,N,N,NA
M,45-54,3,Independent,0,0,N,N,NA
M,18-24,3,Democrat,1,37,N,N,NA
F,35-44,3,Other,0,0,N,N,NA
M,65+,3,Democrat,0,0,N,N,NA
M,18-24,3,Democrat,0,0,N,N,NA
F,65+,2,Independent,0,0,N,N,NA
F,25-34,2,Democrat,0,0,N,N,NA
F,45-54,1,Democrat,0,0,N,N,NA
F,25-34,3,Democrat,0,0,N,N,NA
M,18-24,1,Democrat,0,0,N,N,NA
F,65+,3,Democrat,0,0,N,N,NA
M,25-34,2,Independent,0,0,N,N,NA
M,65+,1,Other,0,0,N,N,NA
M,25-34,3,Democrat,0,0,N,Y,Email
F,65+,2,Democrat,0,0,N,N,NA
F,35-44,2,Democrat,0,0,N,N,NA
F,18-24,2,Democrat,0,0,N,N,NA
F,65+,1,Other,0,0,N,N,NA
F,18-24,1,Other,1,26,N,N,NA
F,25-34,2,Democrat,0,0,N,N,NA
F,25-34,2,Other,1,25,N,N,NA
F,25-34,3,Democrat,0,0,N,N,NA
F,45-54,2,Democrat,0,0,N,N,NA
M,25-34,1,Other,0,0,N,N,NA
F,25-34,3,Independent,0,0,N,N,NA
F,18-24,3,Democrat,0,0,N,N,NA
M,65+,1,Other,0,0,N,N,NA
F,45-54,3,Democrat,0,0,N,N,NA
M,65+,1,Democrat,0,0,N,N,NA
F,65+,2,Democrat,0,0,N,Y,Twitter
M,55-64,1,Democrat,0,0,N,N,NA
F,25-34,1,Democrat,0,0,N,N,NA
F,65+,2,Democrat,0,0,N,N,NA
M,35-44,2,Democrat,1,21,N,N,NA
M,65+,3,Democrat,1,35,N,N,NA
M,65+,3,Democrat,0,0,N,N,NA
M,55-64,3,Democrat,0,0,N,N,NA
F,65+,2,Democrat,0,0,N,N,NA
M,18-24,3,Democrat,0,0,N,N,NA
M,18-24,1,Other,0,0,N,N,NA
M,18-24,3,Other,1,31,N,N,NA
F,18-24,1,Democrat,0,0,N,N,NA
M,25-34,1,Democrat,0,0,N,N,NA
M,35-44,3,Independent,0,0,N,N,NA
F,65+,1,Democrat,0,0,N,N,NA
F,25-34,3,Democrat,0,0,N,N,NA
M,65+,2,Democrat,0,0,N,N,NA
M,55-64,3,Democrat,0,0,N,N,NA
M,18-24,3,Independent,0,0,N,N,NA
M,25-34,1,Democrat,0,0,N,N,NA
M,18-24,1,Democrat,0,0,N,N,NA
F,55-64,1,Democrat,0,0,N,N,NA
M,55-64,2,Democrat,0,0,N,N,NA
M,65+,3,Democrat,0,0,N,N,NA
M,18-24,1,Democrat,0,0,N,N,NA
F,65+,3,Democrat,0,0,N,Y,Email
M,18-24,2,Democrat,0,0,N,N,NA
F,65+,1,Independent,0,0,N,N,NA
M,18-24,1,Independent,0,0,N,N,NA
M,18-24,1,Independent,0,0,N,N,NA
F,45-54,1,Democrat,0,0,N,Y,Email
F,18-24,1,Democrat,0,0,N,N,NA
F,25-34,2,Democrat,0,0,N,N,NA
M,25-34,2,Democrat,1,21,N,N,NA
F,65+,1,Democrat,0,0,N,N,NA
F,55-64,2,Independent,0,0,Y,N,NA
M,55-64,1,Other,0,0,N,N,NA
M,18-24,1,Democrat,0,0,N,N,NA
M,55-64,3,Democrat,0,0,N,N,NA
M,65+,3,Democrat,0,0,N,N,NA
F,18-24,1,Democrat,0,0,N,Y,Email
M,18-24,3,Other,0,0,N,N,NA
M,25-34,2,Democrat,0,0,N,N,NA
M,65+,1,Democrat,0,0,N,Y,Email
M,18-24,3,Democrat,0,0,N,N,NA
M,25-34,1,Democrat,0,0,N,Y,Email
M,55-64,1,Independent,0,0,N,N,NA
F,65+,2,Democrat,0,0,N,N,NA
M,18-24,1,Democrat,1,15,N,N,NA
F,25-34,3,Democrat,0,0,N,N,NA
F,18-24,3,Independent,0,0,N,N,NA
M,65+,1,Independent,0,0,N,N,NA
M,35-44,3,Democrat,0,0,N,N,NA
M,25-34,3,Democrat,0,0,N,N,NA
F,35-44,3,Democrat,0,0,N,N,NA
M,18-24,3,Democrat,0,0,N,N,NA
M,25-34,1,Democrat,0,0,N,N,NA
F,35-44,3,Independent,0,0,N,N,NA
F,18-24,3,Democrat,0,0,N,N,NA
M,25-34,1,Democrat,0,0,N,N,NA
M,65+,1,Independent,0,0,N,N,NA
F,25-34,1,Independent,0,0,N,N,NA
F,55-64,2,Democrat,0,0,N,N,NA
M,18-24,1,Democrat,0,0,N,N,NA
F,18-24,3,Democrat,0,0,N,N,NA
M,25-34,3,Democrat,0,0,N,N,NA
M,65+,1,Democrat,0,0,N,N,NA
F,65+,1,Democrat,0,0,N,N,NA
F,65+,1,Democrat,0,0,N,N,NA
F,25-34,1,Democrat,0,0,N,N,NA
M,65+,2,Democrat,0,0,N,N,NA
F,18-24,2,Democrat,0,0,N,N,NA
F,25-34,3,Democrat,0,0,N,Y,Email
F,35-44,1,Other,0,0,N,N,NA
M,65+,3,Democrat,0,0,N,N,NA
F,35-44,2,Independent,0,0,N,Y,Email
M,18-24,3,Independent,0,0,N,Y,Email
M,65+,2,Democrat,0,0,N,N,NA
M,18-24,3,Democrat,0,0,N,N,NA
F,65+,1,Democrat,0,0,N,N,NA
M,55-64,3,Independent,0,0,N,N,NA
F,65+,1,Democrat,0,0,N,N,NA
M,25-34,3,Other,0,0,N,N,NA
F,25-34,1,Democrat,0,0,N,N,NA
M,65+,1,Democrat,0,0,N,N,NA
F,65+,1,Democrat,1,17,N,N,NA
M,45-54,3,Democrat,0,0,N,N,NA
F,18-24,3,Other,0,0,N,Y,Email
M,65+,3,Democrat,0,0,N,N,NA
F,25-34,3,Democrat,0,0,N,N,NA
F,25-34,2,Democrat,0,0,N,N,NA
F,35-44,1,Independent,0,0,N,N,NA
M,35-44,3,Democrat,0,0,N,N,NA
M,18-24,1,Independent,0,0,N,N,NA
M,25-34,2,Democrat,0,0,N,N,NA
F,18-24,1,Independent,0,0,N,N,NA
F,45-54,3,Independent,0,0,N,N,NA
M,65+,3,Democrat,0,0,N,Y,Email
F,35-44,3,Other,0,0,N,N,NA
F,25-34,2,Democrat,0,0,N,N,NA
M,25-34,3,Democrat,0,0,N,N,NA
M,18-24,2,Democrat,1,14,N,N,NA
F,55-64,3,Other,0,0,N,N,NA
F,18-24,3,Democrat,0,0,Y,N,NA
M,18-24,1,Democrat,0,0,N,N,NA
F,45-54,2,Independent,0,0,N,N,NA
M,18-24,1,Democrat,0,0,N,N,NA
F,18-24,3,Democrat,0,0,N,N,NA
M,18-24,1,Democrat,0,0,N,N,NA
M,18-24,3,Independent,0,0,N,N,NA
F,25-34,3,Democrat,0,0,N,N,NA
F,18-24,1,Democrat,0,0,N,Y,Email
M,65+,1,Other,0,0,N,N,NA
M,18-24,3,Democrat,0,0,N,N,NA
M,18-24,2,Democrat,0,0,N,N,NA
F,25-34,3,Democrat,0,0,N,N,NA
F,55-64,2,Democrat,0,0,N,N,NA
M,25-34,3,Democrat,0,0,N,N,NA
F,65+,2,Democrat,0,0,N,N,NA
F,18-24,2,Democrat,0,0,N,N,NA
F,18-24,1,Democrat,0,0,N,N,NA
F,65+,1,Democrat,0,0,N,N,NA
M,18-24,1,Democrat,0,0,N,N,NA
F,18-24,2,Independent,0,0,N,N,NA
M,25-34,3,Democrat,0,0,N,N,NA
F,65+,3,Democrat,0,0,N,N,NA
M,65+,1,Democrat,0,0,N,N,NA
M,18-24,2,Other,0,0,N,N,NA
M,55-64,1,Other,0,0,N,N,NA
F,55-64,2,Democrat,0,0,N,Y,Email
M,25-34,3,Democrat,0,0,N,N,NA
M,18-24,1,Democrat,0,0,N,N,NA
M,65+,1,Democrat,1,21,N,Y,Email
M,25-34,2,Other,0,0,N,N,NA
F,55-64,1,Independent,0,0,N,N,NA
M,55-64,3,Democrat,1,35,N,N,NA
M,65+,3,Democrat,0,0,N,N,NA
M,18-24,2,Independent,0,0,N,N,NA
M,65+,3,Democrat,0,0,N,N,NA
F,35-44,1,Democrat,0,0,N,N,NA
M,25-34,2,Democrat,0,0,N,N,NA
F,65+,1,Democrat,0,0,N,N,NA
M,55-64,2,Democrat,0,0,N,N,NA
M,65+,3,Democrat,0,0,N,N,NA
M,55-64,3,Democrat,0,0,N,Y,Email
F,18-24,1,Democrat,0,0,N,N,NA
M,65+,3,Democrat,0,0,N,N,NA
M,35-44,2,Democrat,0,0,N,N,NA
F,18-24,2,Independent,0,0,N,N,NA
M,35-44,2,Independent,0,0,N,N,NA
F,35-44,3,Democrat,0,0,N,N,NA
M,25-34,1,Democrat,0,0,N,N,NA
M,65+,2,Democrat,0,0,N,N,NA
M,65+,2,Democrat,0,0,N,N,NA
M,35-44,2,Democrat,1,27,N,N,NA
F,65+,1,Democrat,0,0,N,N,NA
M,35-44,3,Other,0,0,N,N,NA
M,25-34,1,Democrat,0,0,N,N,NA
F,65+,2,Democrat,1,18,N,N,NA
M,55-64,2,Democrat,0,0,N,N,NA
F,25-34,1,Democrat,0,0,N,N,NA
M,65+,1,Independent,0,0,N,N,NA
M,18-24,2,Democrat,0,0,N,N,NA
M,45-54,2,Democrat,1,21,N,N,NA
F,18-24,2,Other,0,0,N,N,NA
F,55-64,2,Democrat,0,0,N,N,NA
F,65+,3,Democrat,0,0,N,N,NA
M,65+,3,Independent,0,0,N,N,NA
M,65+,1,Independent,0,0,N,N,NA
F,65+,2,Democrat,0,0,N,N,NA
F,25-34,3,Democrat,0,0,N,N,NA
M,65+,3,Democrat,0,0,N,Y,Email
F,25-34,2,Democrat,0,0,N,N,NA
F,25-34,1,Democrat,0,0,N,N,NA
F,35-44,3,Independent,0,0,N,N,NA
F,25-34,3,Democrat,0,0,N,Y,Email
F,25-34,3,Independent,0,0,N,N,NA
F,25-34,3,Other,0,0,N,N,NA
M,25-34,1,Democrat,0,0,N,N,NA
F,65+,2,Independent,0,0,N,N,NA
M,25-34,2,Other,0,0,N,N,NA
M,65+,3,Democrat,0,0,N,N,NA
M,45-54,1,Democrat,0,0,N,N,NA
F,25-34,2,Other,0,0,N,N,NA
M,65+,2,Democrat,0,0,N,N,NA
M,18-24,2,Democrat,0,0,N,N,NA
M,18-24,1,Democrat,0,0,N,N,NA
F,35-44,2,Democrat,1,22,N,N,NA
M,18-24,1,Other,0,0,N,N,NA
M,35-44,1,Democrat,0,0,N,N,NA
F,65+,1,Democrat,0,0,N,N,NA
M,25-34,1,Democrat,0,0,N,N,NA
F,55-64,3,Democrat,0,0,N,N,NA
F,18-24,2,Democrat,0,0,N,N,NA
F,18-24,1,Democrat,0,0,N,N,NA
F,45-54,3,Democrat,0,0,N,N,NA
M,25-34,3,Democrat,0,0,N,N,NA
F,65+,2,Democrat,0,0,N,N,NA
F,65+,3,Independent,0,0,N,N,NA
M,18-24,3,Independent,0,0,N,N,NA
F,55-64,3,Democrat,0,0,N,N,NA
M,25-34,3,Other,0,0,N,N,NA
F,45-54,2,Independent,0,0,N,N,NA
M,65+,3,Democrat,0,0,N,N,NA
M,55-64,2,Independent,0,0,N,N,NA
M,65+,1,Democrat,0,0,N,N,NA
M,35-44,3,Other,0,0,N,Y,Twitter
M,25-34,2,Democrat,0,0,N,N,NA
M,35-44,1,Democrat,0,0,N,N,NA
F,18-24,1,Democrat,0,0,N,N,NA
M,65+,1,Democrat,0,0,N,N,NA
F,18-24,1,Democrat,0,0,N,N,NA
M,45-54,2,Democrat,0,0,N,N,NA
M,65+,2,Democrat,0,0,N,N,NA
M,25-34,1,Democrat,0,0,N,N,NA
F,45-54,1,Democrat,0,0,N,N,NA
F,18-24,2,Democrat,0,0,N,N,NA
F,18-24,3,Other,0,0,N,N,NA
F,65+,3,Democrat,0,0,N,N,NA
M,25-34,3,Democrat,0,0,N,N,NA
F,65+,3,Democrat,0,0,N,N,NA
F,25-34,3,Democrat,1,42,N,N,NA
F,35-44,3,Independent,0,0,N,N,NA
F,65+,1,Democrat,0,0,N,N,NA
F,65+,2,Other,0,0,N,N,NA
F,65+,1,Other,0,0,N,N,NA
M,65+,1,Democrat,0,0,N,N,NA
M,18-24,3,Democrat,0,0,N,N,NA
M,65+,2,Democrat,0,0,N,N,NA
F,18-24,3,Independent,0,0,N,N,NA
F,18-24,1,Democrat,1,21,N,N,NA
M,18-24,3,Democrat,0,0,N,N,NA
M,65+,3,Democrat,0,0,N,N,NA
F,25-34,1,Democrat,0,0,N,N,NA
F,55-64,1,Democrat,0,0,N,N,NA
M,35-44,2,Independent,0,0,N,Y,Email
F,65+,1,Independent,0,0,N,N,NA
M,25-34,2,Democrat,1,21,N,N,NA
F,35-44,3,Democrat,0,0,N,N,NA
M,65+,1,Democrat,0,0,N,N,NA
F,55-64,3,Independent,0,0,N,N,NA
M,25-34,2,Democrat,0,0,N,N,NA
F,55-64,2,Democrat,0,0,Y,N,NA
M,65+,1,Democrat,0,0,N,N,NA
F,25-34,2,Independent,0,0,N,N,NA
M,45-54,2,Democrat,0,0,N,N,NA
M,25-34,3,Democrat,0,0,N,N,NA
M,65+,3,Democrat,0,0,N,N,NA
M,25-34,3,Democrat,0,0,N,N,NA
M,18-24,1,Independent,0,0,Y,N,NA
F,25-34,3,Other,0,0,N,N,NA
F,65+,1,Democrat,0,0,N,N,NA
M,55-64,2,Democrat,0,0,N,N,NA
M,45-54,1,Democrat,0,0,N,N,NA
M,18-24,3,Democrat,0,0,N,N,NA
F,25-34,1,Democrat,0,0,N,N,NA
M,18-24,1,Independent,0,0,N,N,NA
M,65+,1,Independent,0,0,N,N,NA
F,18-24,2,Independent,0,0,Y,N,NA
M,65+,2,Independent,0,0,N,Y,Email
M,65+,3,Democrat,0,0,N,N,NA
M,18-24,3,Independent,0,0,N,N,NA
M,25-34,3,Democrat,0,0,N,N,NA
M,18-24,3,Democrat,1,28,N,N,NA
F,18-24,2,Democrat,0,0,N,N,NA
F,18-24,2,Democrat,0,0,N,N,NA
M,25-34,3,Democrat,1,35,N,N,NA
F,35-44,2,Independent,0,0,N,N,NA
M,65+,2,Independent,0,0,N,N,NA
M,55-64,3,Independent,0,0,N,N,NA
M,25-34,1,Democrat,0,0,N,N,NA
F,55-64,3,Democrat,0,0,N,N,NA
F,18-24,2,Democrat,0,0,N,N,NA
M,35-44,2,Independent,0,0,N,N,NA
F,25-34,1,Other,0,0,N,N,NA
F,65+,2,Democrat,1,27,N,N,NA
F,25-34,2,Democrat,0,0,N,N,NA
F,65+,3,Democrat,0,0,N,Y,Email
M,55-64,3,Democrat,0,0,N,N,NA
F,18-24,3,Democrat,0,0,N,N,NA
M,35-44,1,Democrat,0,0,N,Y,Email
F,65+,3,Democrat,0,0,N,N,NA
F,25-34,1,Democrat,0,0,N,N,NA
M,25-34,3,Democrat,0,0,N,N,NA
F,35-44,2,Democrat,0,0,N,N,NA
M,45-54,2,Democrat,0,0,N,N,NA
M,45-54,2,Independent,0,0,N,N,NA
F,35-44,3,Other,0,0,N,N,NA
M,65+,1,Democrat,0,0,N,N,NA
F,65+,3,Independent,1,23,N,N,NA
M,35-44,3,Democrat,0,0,N,N,NA
M,35-44,2,Democrat,0,0,N,N,NA
F,65+,3,Democrat,1,31,N,N,NA
M,45-54,1,Democrat,0,0,N,Y,Twitter
F,65+,3,Democrat,0,0,N,N,NA
F,65+,1,Independent,0,0,N,N,NA
M,18-24,3,Democrat,0,0,N,N,NA
M,25-34,1,Independent,0,0,Y,N,NA
M,25-34,1,Other,0,0,N,N,NA
F,65+,3,Democrat,0,0,N,N,NA
F,18-24,1,Democrat,0,0,N,N,NA
F,35-44,3,Democrat,0,0,N,N,NA
F,25-34,3,Other,0,0,N,Y,Twitter
M,65+,2,Independent,0,0,N,N,NA
M,65+,2,Democrat,0,0,N,N,NA
F,65+,2,Democrat,0,0,N,N,NA
F,65+,3,Independent,0,0,N,N,NA
F,65+,1,Democrat,0,0,N,N,NA
M,35-44,3,Independent,0,0,N,N,NA
M,55-64,2,Independent,0,0,N,Y,Email
F,25-34,3,Democrat,0,0,N,N,NA
M,25-34,1,Democrat,0,0,N,N,NA
F,35-44,2,Democrat,0,0,N,N,NA
F,18-24,1,Democrat,0,0,N,N,NA
F,35-44,2,Democrat,0,0,N,N,NA
M,18-24,3,Democrat,0,0,N,N,NA
M,65+,3,Democrat,0,0,N,N,NA
M,45-54,3,Democrat,0,0,N,Y,Twitter
M,25-34,3,Democrat,0,0,N,N,NA
F,18-24,1,Democrat,0,0,N,N,NA
M,55-64,3,Democrat,0,0,N,N,NA
M,18-24,3,Independent,1,20,Y,N,NA
M,55-64,3,Independent,0,0,N,N,NA
M,18-24,1,Independent,0,0,N,N,NA
F,18-24,2,Democrat,0,0,N,N,NA
F,25-34,3,Democrat,0,0,N,N,NA
M,18-24,3,Democrat,0,0,N,Y,Twitter
F,25-34,2,Democrat,0,0,N,N,NA
F,65+,2,Independent,0,0,N,N,NA
F,35-44,3,Democrat,0,0,N,N,NA
F,25-34,1,Democrat,0,0,N,N,NA
F,65+,1,Democrat,0,0,N,N,NA
M,65+,2,Democrat,0,0,N,N,NA
M,35-44,2,Independent,0,0,N,N,NA
F,18-24,2,Democrat,0,0,N,N,NA
M,18-24,2,Other,0,0,N,N,NA
F,45-54,3,Democrat,0,0,N,N,NA
M,55-64,1,Democrat,0,0,N,N,NA
M,18-24,2,Other,0,0,N,N,NA
M,65+,2,Democrat,0,0,N,N,NA
M,35-44,3,Independent,0,0,N,N,NA
M,18-24,2,Democrat,0,0,N,N,NA
M,65+,1,Democrat,0,0,N,N,NA
M,65+,3,Democrat,0,0,N,N,NA
F,55-64,3,Independent,0,0,N,N,NA
F,18-24,1,Democrat,0,0,N,N,NA
M,65+,3,Democrat,0,0,N,N,NA
F,25-34,1,Democrat,0,0,N,N,NA
M,45-54,1,Democrat,0,0,N,N,NA
F,25-34,2,Democrat,0,0,N,N,NA
M,35-44,2,Democrat,0,0,N,N,NA
F,65+,3,Democrat,0,0,N,N,NA
F,65+,1,Democrat,0,0,N,N,NA
F,45-54,2,Democrat,1,26,N,N,NA
M,65+,1,Democrat,0,0,N,N,NA
M,18-24,3,Democrat,0,0,N,N,NA
F,65+,3,Independent,0,0,N,N,NA
M,18-24,1,Democrat,0,0,N,N,NA
F,18-24,3,Other,0,0,N,N,NA
F,65+,1,Democrat,0,0,N,Y,Twitter
M,25-34,3,Democrat,0,0,N,N,NA
M,18-24,1,Democrat,0,0,N,N,NA
M,55-64,3,Independent,0,0,N,N,NA
M,55-64,1,Democrat,0,0,N,N,NA
F,55-64,3,Democrat,0,0,N,N,NA
M,25-34,2,Democrat,1,14,N,N,NA
F,35-44,2,Democrat,0,0,N,Y,Email
F,45-54,1,Democrat,0,0,N,N,NA
F,35-44,1,Democrat,0,0,N,N,NA
M,65+,3,Democrat,0,0,N,N,NA
M,35-44,1,Democrat,0,0,N,N,NA
M,45-54,2,Democrat,0,0,N,N,NA
F,18-24,3,Democrat,0,0,N,N,NA
F,18-24,3,Democrat,0,0,N,N,NA
M,65+,2,Democrat,0,0,N,N,NA
M,55-64,2,Democrat,0,0,N,N,NA
M,55-64,3,Independent,0,0,N,N,NA
M,35-44,1,Independent,0,0,N,N,NA
F,18-24,3,Democrat,0,0,N,N,NA
M,18-24,2,Democrat,1,17,N,N,NA
M,65+,2,Democrat,0,0,N,N,NA
M,18-24,2,Democrat,0,0,N,N,NA
M,18-24,2,Democrat,0,0,N,N,NA
M,25-34,3,Independent,0,0,N,N,NA
F,65+,3,Democrat,0,0,N,N,NA
F,65+,3,Other,0,0,N,N,NA
F,35-44,3,Democrat,0,0,N,N,NA
M,25-34,2,Other,0,0,N,N,NA
M,55-64,3,Democrat,0,0,N,N,NA
F,25-34,1,Democrat,0,0,N,N,NA
F,65+,2,Independent,0,0,N,N,NA
F,65+,1,Democrat,0,0,N,N,NA
F,65+,3,Other,0,0,N,Y,Twitter
F,35-44,2,Democrat,0,0,N,Y,Email
F,65+,3,Independent,0,0,N,N,NA
F,25-34,2,Democrat,0,0,N,N,NA
F,65+,1,Democrat,0,0,N,N,NA
F,18-24,1,Democrat,0,0,N,N,NA
M,65+,3,Independent,0,0,N,N,NA
F,18-24,1,Democrat,0,0,N,N,NA
M,55-64,1,Democrat,0,0,N,N,NA
F,55-64,2,Democrat,0,0,N,N,NA
M,65+,2,Independent,0,0,N,N,NA
F,45-54,3,Independent,0,0,N,N,NA
M,25-34,3,Democrat,0,0,N,N,NA
M,45-54,1,Democrat,0,0,N,N,NA
M,35-44,1,Democrat,0,0,N,N,NA
F,65+,2,Democrat,0,0,N,N,NA
M,25-34,2,Independent,0,0,N,N,NA
M,35-44,2,Democrat,0,0,N,N,NA
F,18-24,3,Democrat,0,0,N,N,NA
M,25-34,3,Democrat,0,0,N,N,NA
M,25-34,1,Democrat,0,0,N,N,NA
F,18-24,3,Other,0,0,N,N,NA
F,65+,2,Independent,0,0,N,N,NA
F,35-44,2,Independent,1,10,N,N,NA
M,25-34,2,Democrat,0,0,N,N,NA
M,65+,3,Democrat,0,0,N,N,NA
F,25-34,2,Democrat,0,0,N,N,NA
M,55-64,3,Democrat,0,0,N,Y,Twitter
F,35-44,2,Democrat,0,0,N,N,NA
F,25-34,3,Independent,0,0,N,N,NA
M,55-64,1,Democrat,0,0,N,N,NA
F,25-34,2,Democrat,0,0,N,N,NA
F,65+,3,Independent,0,0,N,N,NA
F,25-34,1,Democrat,0,0,N,N,NA
M,45-54,2,Democrat,0,0,N,N,NA
F,45-54,2,Democrat,0,0,N,N,NA
M,65+,3,Independent,0,0,N,N,NA
F,65+,1,Independent,1,22,N,N,NA
F,65+,1,Democrat,0,0,N,N,NA
F,65+,1,Independent,0,0,N,N,NA
M,25-34,3,Democrat,0,0,N,N,NA
M,25-34,2,Independent,0,0,N,N,NA
M,18-24,3,Independent,0,0,N,N,NA
M,65+,2,Independent,0,0,N,N,NA
M,65+,1,Democrat,0,0,N,N,NA
F,65+,2,Democrat,0,0,N,N,NA
F,35-44,3,Independent,0,0,N,N,NA
M,25-34,1,Other,0,0,N,N,NA
F,55-64,2,Democrat,0,0,N,N,NA
M,18-24,1,Democrat,0,0,N,N,NA
M,18-24,2,Independent,0,0,Y,N,NA
F,45-54,2,Democrat,0,0,N,N,NA
F,45-54,2,Other,0,0,N,N,NA
M,55-64,2,Democrat,0,0,N,N,NA
M,25-34,1,Democrat,0,0,N,N,NA
M,55-64,2,Democrat,0,0,N,N,NA
F,25-34,3,Democrat,0,0,N,N,NA
F,55-64,3,Democrat,0,0,N,N,NA
F,55-64,2,Democrat,0,0,N,N,NA
M,65+,1,Democrat,1,23,N,N,NA
F,45-54,2,Democrat,0,0,N,N,NA
M,45-54,3,Independent,0,0,N,N,NA
M,25-34,2,Independent,0,0,N,N,NA
F,65+,3,Democrat,0,0,N,N,NA
F,55-64,1,Democrat,0,0,N,N,NA
M,18-24,2,Democrat,0,0,N,N,NA
F,45-54,1,Democrat,0,0,N,N,NA
M,25-34,3,Other,0,0,N,Y,Email
F,18-24,2,Democrat,0,0,N,N,NA
F,65+,2,Democrat,0,0,N,N,NA
M,45-54,3,Democrat,0,0,N,N,NA
F,65+,3,Democrat,0,0,N,N,NA
M,65+,2,Democrat,0,0,N,N,NA
M,35-44,3,Democrat,0,0,N,N,NA
F,35-44,1,Democrat,0,0,N,N,NA
F,18-24,1,Democrat,0,0,N,N,NA
M,35-44,1,Other,0,0,N,Y,Email
F,35-44,3,Democrat,0,0,N,N,NA
M,25-34,3,Democrat,0,0,N,N,NA
F,65+,3,Other,0,0,N,N,NA
M,35-44,1,Independent,0,0,N,N,NA
M,65+,2,Democrat,0,0,N,N,NA
M,55-64,2,Democrat,0,0,N,N,NA
F,18-24,3,Independent,0,0,N,N,NA
M,18-24,1,Democrat,0,0,N,N,NA
F,18-24,2,Democrat,0,0,N,N,NA
F,35-44,2,Democrat,0,0,N,N,NA
F,25-34,2,Other,0,0,N,N,NA
F,18-24,3,Independent,0,0,N,N,NA
M,18-24,2,Democrat,0,0,N,N,NA
M,18-24,2,Democrat,0,0,N,N,NA
F,55-64,1,Independent,0,0,N,N,NA
M,25-34,3,Democrat,0,0,N,N,NA
M,25-34,2,Independent,0,0,N,N,NA
F,18-24,3,Independent,0,0,N,N,NA
F,25-34,2,Democrat,0,0,N,Y,Email
M,25-34,3,Other,0,0,N,N,NA
M,65+,1,Independent,0,0,N,N,NA
M,45-54,3,Independent,0,0,N,N,NA
F,65+,1,Democrat,0,0,N,N,NA
M,18-24,1,Other,0,0,Y,N,NA
M,18-24,2,Democrat,0,0,N,N,NA
F,55-64,2,Democrat,0,0,N,N,NA
F,65+,3,Independent,0,0,N,N,NA
F,55-64,3,Democrat,0,0,N,N,NA
M,25-34,2,Democrat,0,0,N,Y,Twitter
M,65+,1,Independent,0,0,N,N,NA
M,18-24,2,Independent,0,0,N,N,NA
M,45-54,1,Democrat,0,0,N,N,NA
M,25-34,2,Independent,0,0,N,N,NA
F,18-24,3,Independent,0,0,N,N,NA
M,18-24,1,Democrat,1,24,N,N,NA
M,35-44,1,Independent,0,0,N,N,NA
M,35-44,3,Democrat,0,0,N,N,NA
M,65+,1,Democrat,0,0,N,N,NA
F,45-54,1,Other,0,0,N,N,NA
M,45-54,3,Democrat,0,0,N,N,NA
M,45-54,1,Independent,0,0,N,N,NA
M,25-34,3,Democrat,1,40,N,N,NA
F,45-54,2,Independent,0,0,N,N,NA
M,18-24,3,Independent,0,0,N,N,NA
F,18-24,3,Democrat,0,0,N,N,NA
F,45-54,2,Democrat,0,0,N,N,NA
M,65+,2,Democrat,0,0,N,N,NA
F,65+,2,Independent,0,0,N,N,NA
M,65+,1,Democrat,0,0,N,N,NA
F,65+,3,Independent,0,0,N,N,NA
F,18-24,3,Democrat,0,0,N,N,NA
M,55-64,1,Democrat,0,0,N,N,NA
F,65+,2,Democrat,0,0,N,N,NA
M,65+,2,Independent,0,0,N,N,NA
F,25-34,1,Democrat,0,0,N,N,NA
F,18-24,1,Democrat,0,0,N,Y,Twitter
F,65+,1,Democrat,0,0,N,N,NA
M,65+,2,Democrat,0,0,N,N,NA
F,35-44,1,Independent,0,0,N,Y,Twitter
M,25-34,3,Democrat,0,0,N,Y,Email
M,35-44,3,Independent,0,0,N,N,NA
F,65+,2,Democrat,0,0,N,N,NA
M,35-44,3,Democrat,0,0,N,N,NA
M,25-34,2,Independent,0,0,N,N,NA
M,65+,2,Other,1,24,N,N,NA
F,65+,2,Democrat,0,0,N,N,NA
F,18-24,3,Democrat,0,0,N,N,NA
M,45-54,2,Independent,0,0,N,N,NA
F,65+,3,Democrat,0,0,N,N,NA
F,18-24,1,Democrat,0,0,N,N,NA
M,45-54,3,Democrat,0,0,N,N,NA
M,65+,1,Independent,0,0,N,N,NA
M,25-34,3,Independent,0,0,N,N,NA
M,18-24,2,Democrat,0,0,N,N,NA
M,18-24,3,Democrat,0,0,N,Y,Email
M,25-34,3,Democrat,0,0,N,N,NA
M,65+,3,Independent,0,0,N,N,NA
M,18-24,3,Democrat,0,0,N,N,NA
F,65+,1,Democrat,0,0,N,Y,Email
F,65+,3,Independent,1,21,N,N,NA
F,25-34,2,Independent,0,0,N,N,NA
F,35-44,2,Democrat,0,0,N,N,NA
F,18-24,1,Democrat,0,0,N,N,NA
M,55-64,3,Democrat,0,0,N,N,NA
F,65+,1,Democrat,0,0,Y,Y,Email
M,18-24,2,Independent,0,0,N,N,NA
M,18-24,1,Other,0,0,N,N,NA
F,18-24,2,Democrat,0,0,N,N,NA
M,55-64,3,Independent,0,0,N,N,NA
F,65+,3,Democrat,0,0,N,N,NA
M,18-24,1,Democrat,0,0,N,N,NA
M,25-34,1,Independent,0,0,N,N,NA
M,65+,3,Democrat,0,0,N,N,NA
M,45-54,3,Democrat,0,0,N,N,NA
M,65+,2,Democrat,1,20,N,N,NA
F,45-54,3,Democrat,0,0,N,N,NA
M,18-24,3,Democrat,0,0,N,N,NA
F,25-34,2,Democrat,0,0,N,N,NA
F,55-64,2,Democrat,0,0,N,Y,Email
M,35-44,2,Democrat,0,0,N,N,NA
F,25-34,2,Democrat,0,0,N,N,NA
F,65+,3,Independent,0,0,N,N,NA
M,35-44,2,Democrat,0,0,N,N,NA
M,55-64,1,Democrat,0,0,N,N,NA
F,18-24,2,Democrat,0,0,N,N,NA
M,35-44,3,Democrat,0,0,N,N,NA
F,65+,2,Democrat,0,0,N,N,NA
M,65+,1,Democrat,0,0,N,N,NA
F,65+,2,Independent,0,0,N,N,NA
M,65+,1,Democrat,0,0,N,N,NA
M,35-44,1,Independent,0,0,N,N,NA
M,25-34,3,Other,0,0,N,N,NA
M,65+,2,Independent,0,0,N,N,NA
M,45-54,3,Other,0,0,N,Y,Email
M,65+,3,Democrat,0,0,N,Y,Email
M,65+,2,Independent,0,0,N,Y,Twitter
M,45-54,2,Other,0,0,N,N,NA
F,65+,3,Democrat,0,0,N,N,NA
F,18-24,2,Democrat,0,0,N,N,NA
F,65+,2,Independent,0,0,N,Y,Email
M,18-24,1,Democrat,0,0,N,N,NA
F,55-64,3,Democrat,0,0,N,N,NA
F,65+,3,Democrat,0,0,N,N,NA
F,18-24,3,Democrat,0,0,N,N,NA
M,65+,3,Independent,0,0,N,N,NA
F,18-24,2,Democrat,0,0,N,N,NA
M,55-64,1,Democrat,0,0,N,N,NA
M,18-24,1,Democrat,0,0,N,N,NA
F,35-44,1,Independent,0,0,N,N,NA
M,55-64,2,Independent,0,0,N,N,NA
M,65+,3,Democrat,0,0,N,N,NA
M,65+,3,Independent,0,0,N,N,NA
M,55-64,1,Other,0,0,N,N,NA
F,18-24,2,Democrat,0,0,N,N,NA
F,18-24,1,Democrat,0,0,N,N,NA
M,65+,1,Independent,0,0,N,N,NA
M,25-34,1,Democrat,0,0,N,N,NA
M,45-54,2,Independent,0,0,N,N,NA
F,25-34,2,Democrat,0,0,N,Y,Email
M,55-64,1,Other,0,0,N,N,NA
M,18-24,3,Democrat,0,0,N,N,NA
F,25-34,1,Democrat,0,0,N,N,NA
F,55-64,1,Independent,0,0,N,N,NA
M,18-24,3,Other,0,0,N,N,NA
F,18-24,3,Independent,0,0,N,N,NA
M,45-54,3,Democrat,0,0,N,N,NA
F,18-24,1,Independent,0,0,N,N,NA
F,18-24,3,Democrat,0,0,N,N,NA
F,18-24,2,Independent,0,0,N,N,NA
F,25-34,1,Independent,0,0,N,N,NA
M,18-24,3,Democrat,0,0,N,N,NA
M,18-24,3,Independent,0,0,N,N,NA
M,35-44,1,Independent,0,0,N,N,NA
M,35-44,2,Independent,0,0,N,N,NA
M,35-44,1,Independent,0,0,N,N,NA
F,18-24,3,Independent,0,0,N,N,NA
F,65+,2,Democrat,0,0,N,N,NA
M,25-34,3,Democrat,0,0,N,N,NA
F,65+,1,Independent,1,23,N,N,NA
M,55-64,3,Independent,0,0,N,N,NA
M,25-34,1,Other,0,0,N,N,NA
M,65+,2,Democrat,0,0,N,N,NA
F,65+,2,Independent,0,0,N,N,NA
M,65+,1,Other,0,0,N,N,NA
F,65+,3,Democrat,0,0,N,N,NA
F,55-64,2,Independent,0,0,N,N,NA
M,35-44,2,Democrat,0,0,N,N,NA
M,35-44,3,Democrat,0,0,N,N,NA
M,25-34,3,Democrat,0,0,N,Y,Email
F,65+,1,Democrat,0,0,N,N,NA
F,65+,2,Democrat,0,0,N,N,NA
M,65+,1,Other,0,0,N,N,NA
M,18-24,3,Democrat,0,0,N,N,NA
F,65+,3,Democrat,0,0,N,N,NA
M,25-34,3,Democrat,0,0,N,N,NA
M,45-54,1,Democrat,0,0,N,N,NA
F,65+,2,Democrat,0,0,N,N,NA
F,18-24,1,Democrat,0,0,N,N,NA
M,65+,2,Democrat,0,0,N,N,NA
M,25-34,1,Democrat,0,0,N,N,NA
F,65+,2,Democrat,0,0,N,N,NA
F,45-54,3,Independent,0,0,N,N,NA
M,65+,1,Democrat,0,0,N,N,NA
F,65+,3,Democrat,0,0,N,N,NA
M,18-24,1,Independent,0,0,N,N,NA
M,65+,3,Democrat,0,0,N,Y,Email
F,18-24,2,Democrat,0,0,N,N,NA
F,65+,1,Other,0,0,N,N,NA
F,65+,3,Independent,0,0,N,N,NA
F,55-64,2,Other,0,0,N,N,NA
F,65+,3,Democrat,0,0,N,N,NA
M,25-34,1,Democrat,0,0,N,N,NA
F,65+,3,Democrat,0,0,N,N,NA
M,18-24,1,Democrat,0,0,N,N,NA
M,55-64,1,Democrat,0,0,N,N,NA
F,18-24,1,Democrat,0,0,N,N,NA
M,55-64,3,Democrat,0,0,N,N,NA
M,25-34,1,Democrat,0,0,N,N,NA
M,18-24,2,Democrat,0,0,N,N,NA
F,65+,2,Democrat,0,0,N,N,NA
M,25-34,2,Other,0,0,N,N,NA
F,55-64,1,Independent,1,23,N,N,NA
F,65+,1,Democrat,0,0,N,N,NA
F,65+,2,Other,0,0,N,N,NA
M,18-24,2,Other,0,0,N,N,NA
M,45-54,1,Democrat,0,0,N,N,NA
F,18-24,3,Democrat,0,0,N,N,NA
M,18-24,2,Democrat,0,0,N,N,NA
F,25-34,3,Democrat,0,0,N,N,NA
M,65+,2,Democrat,0,0,N,Y,Email
F,55-64,2,Democrat,0,0,N,N,NA
F,65+,2,Independent,0,0,N,N,NA
F,65+,1,Independent,0,0,N,N,NA
F,45-54,3,Democrat,0,0,N,N,NA
M,45-54,3,Other,0,0,N,N,NA
F,55-64,3,Democrat,0,0,N,N,NA
F,65+,1,Democrat,0,0,N,N,NA
M,25-34,2,Independent,0,0,N,N,NA
M,65+,1,Democrat,0,0,N,N,NA
F,55-64,2,Independent,0,0,N,N,NA
F,25-34,1,Democrat,0,0,N,N,NA
M,45-54,3,Democrat,0,0,N,N,NA
M,65+,1,Democrat,0,0,N,N,NA
M,25-34,2,Democrat,0,0,N,N,NA
M,65+,3,Democrat,1,40,N,N,NA
M,65+,3,Independent,0,0,N,N,NA
F,55-64,3,Independent,0,0,N,N,NA
F,55-64,3,Democrat,0,0,N,N,NA
M,45-54,2,Democrat,0,0,N,N,NA
F,65+,2,Democrat,0,0,N,N,NA
F,55-64,2,Other,0,0,N,N,NA
F,25-34,2,Democrat,0,0,N,Y,Email
F,35-44,2,Democrat,0,0,N,N,NA
F,18-24,1,Democrat,0,0,N,N,NA
F,18-24,2,Democrat,1,29,N,Y,Email
F,35-44,1,Democrat,0,0,N,N,NA
F,35-44,2,Democrat,0,0,N,N,NA
F,35-44,1,Independent,0,0,N,N,NA
F,65+,2,Independent,0,0,N,Y,Twitter
M,35-44,2,Democrat,0,0,N,N,NA
M,18-24,2,Democrat,0,0,N,N,NA
F,55-64,1,Independent,1,20,N,N,NA
F,18-24,1,Democrat,0,0,N,N,NA
F,25-34,3,Other,0,0,N,Y,Email
F,35-44,3,Independent,0,0,N,N,NA
F,65+,3,Democrat,0,0,N,N,NA
F,25-34,3,Independent,0,0,N,N,NA
M,35-44,3,Democrat,0,0,N,N,NA
F,35-44,3,Independent,0,0,N,N,NA
M,45-54,2,Democrat,0,0,N,N,NA
M,35-44,3,Independent,0,0,N,N,NA
M,55-64,3,Other,0,0,N,Y,Email
F,18-24,3,Independent,0,0,N,N,NA
F,55-64,1,Democrat,0,0,N,N,NA
M,25-34,1,Democrat,0,0,N,Y,Email
M,65+,2,Democrat,0,0,N,N,NA
F,25-34,3,Democrat,0,0,N,N,NA
F,35-44,2,Other,0,0,N,N,NA
F,18-24,1,Democrat,0,0,N,N,NA
M,55-64,3,Democrat,0,0,N,N,NA
F,18-24,1,Democrat,0,0,N,N,NA
M,25-34,2,Democrat,0,0,N,N,NA
M,25-34,1,Democrat,0,0,N,N,NA
M,25-34,3,Democrat,0,0,N,N,NA
F,35-44,1,Independent,0,0,N,N,NA
M,35-44,3,Democrat,0,0,N,N,NA
F,18-24,3,Independent,0,0,N,N,NA
F,35-44,1,Independent,0,0,N,N,NA
M,25-34,1,Democrat,0,0,Y,N,NA
M,65+,1,Democrat,0,0,N,N,NA
M,18-24,1,Other,0,0,N,N,NA
F,25-34,1,Independent,1,26,N,N,NA
F,35-44,3,Democrat,0,0,N,N,NA
F,18-24,1,Democrat,0,0,N,N,NA
F,35-44,1,Independent,0,0,N,N,NA
M,18-24,2,Independent,0,0,N,N,NA
F,45-54,3,Democrat,0,0,N,N,NA
M,25-34,2,Democrat,0,0,N,N,NA
F,45-54,3,Democrat,0,0,N,N,NA
F,25-34,3,Democrat,0,0,N,N,NA
M,18-24,1,Independent,0,0,N,N,NA
M,65+,2,Democrat,0,0,Y,N,NA
F,45-54,1,Democrat,0,0,N,N,NA
F,35-44,2,Democrat,0,0,N,N,NA
M,25-34,3,Other,0,0,N,Y,Email
M,55-64,3,Independent,0,0,N,N,NA
F,25-34,3,Democrat,0,0,N,N,NA
F,25-34,1,Democrat,0,0,N,N,NA
F,65+,3,Other,0,0,N,N,NA
F,18-24,2,Democrat,1,25,N,N,NA
F,18-24,3,Democrat,0,0,N,N,NA
M,65+,3,Democrat,0,0,N,N,NA
M,35-44,3,Democrat,0,0,N,Y,Twitter
M,35-44,1,Democrat,0,0,N,N,NA
F,65+,1,Democrat,0,0,N,N,NA
F,25-34,3,Other,0,0,N,N,NA
F,18-24,3,Democrat,0,0,N,N,NA
F,55-64,1,Democrat,0,0,N,N,NA
F,55-64,3,Independent,0,0,N,N,NA
M,45-54,3,Other,0,0,N,N,NA
F,65+,2,Democrat,0,0,N,Y,Email
M,18-24,2,Democrat,0,0,N,N,NA
M,18-24,2,Democrat,0,0,N,N,NA
F,55-64,2,Democrat,0,0,N,N,NA
F,65+,3,Democrat,0,0,N,N,NA
F,55-64,2,Democrat,0,0,N,Y,Email
M,35-44,3,Democrat,0,0,N,N,NA
M,45-54,2,Democrat,0,0,N,N,NA
M,65+,3,Democrat,0,0,N,N,NA
F,18-24,3,Democrat,0,0,N,N,NA
F,55-64,2,Independent,0,0,N,N,NA
F,18-24,2,Democrat,0,0,N,N,NA
M,25-34,2,Democrat,0,0,N,N,NA
F,45-54,3,Other,0,0,N,Y,Twitter
M,45-54,2,Other,0,0,N,N,NA
F,35-44,3,Independent,1,23,N,N,NA
M,55-64,2,Democrat,0,0,N,N,NA
M,25-34,1,Democrat,0,0,N,N,NA
M,45-54,3,Other,0,0,N,N,NA
M,65+,3,Democrat,0,0,N,N,NA
F,35-44,1,Democrat,0,0,N,N,NA
F,65+,3,Democrat,0,0,N,N,NA
F,65+,1,Other,0,0,Y,N,NA
M,35-44,1,Democrat,0,0,N,N,NA
M,55-64,2,Democrat,0,0,N,N,NA
M,25-34,2,Democrat,0,0,N,Y,Twitter
F,45-54,3,Democrat,1,32,N,N,NA
F,35-44,1,Democrat,0,0,N,N,NA
M,35-44,2,Independent,0,0,N,N,NA
F,65+,3,Democrat,0,0,N,N,NA
F,18-24,2,Other,0,0,N,N,NA
M,65+,2,Democrat,0,0,N,N,NA
M,25-34,1,Democrat,0,0,N,N,NA
M,65+,1,Democrat,0,0,N,N,NA
M,45-54,1,Democrat,0,0,N,N,NA
M,65+,2,Democrat,0,0,N,N,NA
F,55-64,1,Other,0,0,N,N,NA
F,65+,2,Democrat,0,0,N,N,NA
M,65+,1,Democrat,0,0,N,N,NA
M,18-24,2,Other,0,0,N,N,NA
M,65+,3,Democrat,0,0,N,N,NA
F,25-34,1,Democrat,0,0,N,N,NA
M,65+,2,Democrat,0,0,N,Y,Email
M,18-24,3,Democrat,0,0,N,N,NA
M,25-34,1,Democrat,0,0,N,N,NA
M,65+,3,Democrat,0,0,N,N,NA
F,65+,1,Democrat,0,0,N,N,NA
M,55-64,1,Independent,0,0,N,N,NA
M,65+,3,Other,0,0,N,N,NA
F,18-24,1,Independent,0,0,N,N,NA
F,45-54,1,Democrat,0,0,N,N,NA
M,45-54,1,Democrat,0,0,N,N,NA
M,18-24,2,Other,0,0,N,N,NA
M,25-34,3,Democrat,0,0,N,N,NA
M,18-24,2,Democrat,0,0,N,N,NA
F,25-34,3,Independent,0,0,N,N,NA
M,65+,1,Democrat,0,0,N,Y,Email
F,35-44,1,Democrat,0,0,N,N,NA
M,18-24,2,Democrat,0,0,N,N,NA
M,18-24,1,Democrat,0,0,N,N,NA
M,25-34,3,Democrat,0,0,N,N,NA
M,18-24,3,Democrat,0,0,N,N,NA
M,18-24,1,Democrat,0,0,N,N,NA
M,65+,3,Democrat,1,35,N,N,NA
F,18-24,1,Other,0,0,N,N,NA
M,55-64,2,Democrat,0,0,N,N,NA
F,25-34,3,Democrat,0,0,N,N,NA
F,55-64,3,Independent,0,0,N,N,NA
M,18-24,2,Independent,0,0,N,Y,Email
M,65+,3,Other,0,0,N,N,NA
F,18-24,3,Democrat,0,0,N,N,NA
M,35-44,3,Democrat,0,0,N,N,NA
F,55-64,3,Democrat,0,0,N,N,NA
F,25-34,2,Independent,0,0,N,N,NA
M,65+,3,Democrat,0,0,N,N,NA
F,65+,3,Independent,0,0,N,N,NA
M,18-24,1,Other,0,0,N,N,NA
F,25-34,3,Democrat,0,0,N,N,NA
F,18-24,2,Independent,0,0,N,N,NA
F,55-64,3,Independent,0,0,N,N,NA
M,35-44,3,Democrat,0,0,N,N,NA
M,25-34,2,Democrat,0,0,N,N,NA
F,18-24,1,Democrat,0,0,N,N,NA
F,55-64,3,Democrat,0,0,N,N,NA
M,18-24,3,Democrat,0,0,N,N,NA
M,25-34,1,Democrat,0,0,N,N,NA
M,18-24,2,Independent,0,0,N,N,NA
F,25-34,1,Independent,0,0,N,N,NA
M,18-24,3,Democrat,0,0,N,N,NA
F,65+,2,Democrat,0,0,N,N,NA
F,25-34,3,Independent,0,0,N,N,NA
M,45-54,1,Democrat,0,0,N,N,NA
M,25-34,1,Democrat,0,0,N,N,NA
M,65+,1,Democrat,0,0,Y,N,NA
M,18-24,1,Democrat,0,0,N,N,NA
F,35-44,3,Democrat,0,0,N,N,NA
M,65+,2,Democrat,1,23,N,N,NA
F,45-54,1,Independent,0,0,N,Y,Twitter
F,45-54,3,Independent,0,0,N,N,NA
F,18-24,3,Independent,0,0,N,N,NA
M,35-44,2,Democrat,0,0,N,N,NA
M,55-64,3,Democrat,0,0,N,N,NA
F,45-54,2,Democrat,0,0,N,N,NA
F,18-24,3,Other,0,0,N,Y,Twitter
F,65+,2,Democrat,0,0,N,N,NA
F,65+,1,Democrat,0,0,N,N,NA
M,65+,2,Democrat,0,0,N,N,NA
M,65+,2,Democrat,0,0,N,N,NA
F,18-24,2,Independent,0,0,N,N,NA
M,25-34,1,Democrat,0,0,N,N,NA
F,55-64,1,Democrat,0,0,N,N,NA
M,35-44,3,Democrat,0,0,N,N,NA
M,18-24,1,Democrat,0,0,N,N,NA
M,18-24,2,Democrat,0,0,N,N,NA
F,55-64,2,Democrat,0,0,N,N,NA
F,55-64,3,Democrat,0,0,N,N,NA
M,35-44,3,Independent,0,0,N,Y,Email
F,18-24,3,Democrat,0,0,N,Y,Email
M,55-64,2,Democrat,0,0,N,N,NA
M,65+,2,Democrat,0,0,N,N,NA
F,18-24,3,Independent,0,0,N,N,NA
M,25-34,3,Democrat,0,0,N,N,NA
F,45-54,2,Independent,0,0,N,N,NA
F,18-24,3,Democrat,0,0,N,N,NA
F,55-64,3,Independent,0,0,N,N,NA
F,65+,1,Democrat,0,0,N,N,NA
M,18-24,1,Independent,1,21,N,N,NA
M,25-34,2,Democrat,0,0,N,N,NA
M,65+,3,Democrat,0,0,N,N,NA
M,65+,1,Democrat,0,0,N,Y,Email
M,45-54,1,Independent,0,0,N,N,NA
F,65+,2,Democrat,0,0,N,N,NA
F,45-54,3,Democrat,0,0,N,N,NA
M,18-24,2,Democrat,0,0,N,N,NA
M,45-54,3,Independent,0,0,N,N,NA
M,55-64,1,Other,0,0,N,N,NA
M,55-64,2,Independent,0,0,N,N,NA
M,18-24,2,Democrat,0,0,N,N,NA
F,65+,1,Democrat,0,0,N,N,NA
M,65+,1,Democrat,0,0,N,N,NA
M,18-24,1,Democrat,0,0,N,N,NA
M,25-34,1,Democrat,0,0,N,N,NA
F,65+,1,Democrat,0,0,N,N,NA
F,18-24,2,Independent,0,0,N,N,NA
M,55-64,1,Democrat,0,0,N,N,NA
M,55-64,1,Other,0,0,N,N,NA
M,25-34,2,Democrat,0,0,N,Y,Email
F,35-44,1,Democrat,0,0,N,N,NA
M,18-24,2,Democrat,0,0,Y,Y,Twitter
M,65+,1,Democrat,0,0,N,N,NA
M,35-44,1,Democrat,0,0,N,N,NA
M,25-34,3,Democrat,0,0,N,N,NA
F,65+,1,Democrat,0,0,N,N,NA
F,55-64,2,Independent,0,0,N,N,NA
M,45-54,3,Democrat,0,0,N,N,NA
M,25-34,1,Independent,0,0,N,N,NA
F,65+,2,Democrat,0,0,N,N,NA
F,55-64,1,Democrat,0,0,N,N,NA
M,25-34,1,Independent,0,0,N,N,NA
M,45-54,3,Democrat,0,0,N,N,NA
M,18-24,2,Independent,0,0,N,N,NA
M,65+,2,Independent,0,0,N,N,NA
M,55-64,2,Democrat,0,0,N,N,NA
M,65+,2,Independent,0,0,N,N,NA
F,25-34,1,Democrat,0,0,N,N,NA
M,18-24,2,Democrat,1,19,N,N,NA
F,65+,3,Other,0,0,N,N,NA
F,55-64,3,Democrat,0,0,N,N,NA
F,65+,2,Democrat,0,0,N,N,NA
M,18-24,3,Democrat,0,0,N,N,NA
F,65+,1,Other,0,0,N,N,NA
F,55-64,3,Independent,0,0,N,N,NA
F,35-44,2,Democrat,0,0,N,N,NA
M,18-24,1,Democrat,0,0,N,N,NA
F,18-24,3,Democrat,0,0,N,N,NA
F,65+,1,Democrat,0,0,N,N,NA
F,45-54,3,Other,0,0,N,N,NA
M,65+,1,Democrat,0,0,N,N,NA
M,18-24,3,Democrat,0,0,N,N,NA
M,25-34,3,Democrat,0,0,N,N,NA
F,65+,3,Independent,0,0,N,N,NA
F,65+,3,Democrat,0,0,N,N,NA
F,18-24,1,Democrat,0,0,N,N,NA
M,65+,1,Democrat,0,0,N,Y,Email
F,45-54,3,Democrat,0,0,N,N,NA
M,65+,1,Democrat,0,0,N,N,NA
F,65+,1,Independent,0,0,N,N,NA
F,45-54,1,Democrat,0,0,N,N,NA
F,18-24,1,Independent,0,0,N,N,NA
F,25-34,3,Independent,0,0,N,N,NA
F,65+,3,Democrat,1,38,N,Y,Twitter
M,65+,3,Other,0,0,N,N,NA
M,25-34,2,Democrat,0,0,N,N,NA
M,55-64,3,Democrat,0,0,N,N,NA
M,65+,1,Democrat,0,0,N,N,NA
F,18-24,1,Democrat,0,0,N,N,NA
F,45-54,1,Democrat,0,0,N,N,NA
F,25-34,1,Democrat,0,0,N,N,NA
F,65+,1,Democrat,0,0,N,N,NA
F,25-34,1,Democrat,0,0,N,N,NA
M,65+,2,Democrat,0,0,N,N,NA
F,18-24,2,Other,0,0,N,N,NA
M,65+,1,Democrat,0,0,N,N,NA
F,35-44,2,Democrat,0,0,N,N,NA
F,18-24,1,Democrat,0,0,N,N,NA
F,18-24,1,Other,0,0,N,N,NA
F,55-64,2,Independent,0,0,N,N,NA
F,18-24,2,Democrat,0,0,N,N,NA
M,65+,1,Democrat,0,0,Y,N,NA
F,45-54,2,Other,0,0,N,N,NA
M,65+,3,Democrat,0,0,N,N,NA
F,25-34,2,Democrat,0,0,N,N,NA
M,65+,3,Democrat,0,0,N,N,NA
M,18-24,3,Democrat,0,0,N,N,NA
M,55-64,3,Democrat,0,0,N,N,NA
F,35-44,2,Democrat,0,0,N,N,NA
M,25-34,1,Other,0,0,N,N,NA
F,18-24,2,Democrat,0,0,N,Y,Twitter
F,18-24,1,Democrat,0,0,Y,N,NA
F,65+,2,Democrat,0,0,N,N,NA
F,18-24,2,Other,0,0,N,N,NA
M,55-64,3,Democrat,0,0,N,N,NA
F,25-34,3,Democrat,0,0,N,N,NA
F,65+,2,Democrat,0,0,N,N,NA
M,55-64,2,Democrat,0,0,N,N,NA
F,45-54,1,Democrat,0,0,N,N,NA
F,45-54,3,Independent,0,0,N,N,NA
M,25-34,1,Democrat,0,0,N,N,NA
M,18-24,1,Democrat,0,0,N,N,NA
M,65+,2,Democrat,0,0,N,N,NA
M,25-34,1,Democrat,0,0,N,N,NA
F,65+,3,Democrat,0,0,N,N,NA
F,25-34,1,Democrat,0,0,N,N,NA
M,25-34,2,Democrat,0,0,N,N,NA
M,35-44,2,Democrat,0,0,N,N,NA
M,18-24,1,Democrat,0,0,Y,N,NA
M,35-44,1,Democrat,1,19,N,N,NA
M,35-44,2,Democrat,0,0,N,N,NA
F,18-24,1,Democrat,0,0,N,N,NA
M,35-44,1,Democrat,0,0,N,N,NA
F,25-34,1,Democrat,0,0,N,N,NA
M,45-54,3,Democrat,0,0,N,N,NA
F,35-44,1,Democrat,0,0,N,N,NA
M,18-24,1,Democrat,0,0,N,N,NA
F,65+,1,Democrat,1,27,N,N,NA
F,18-24,2,Democrat,0,0,N,N,NA
F,35-44,1,Other,0,0,N,N,NA
F,35-44,1,Democrat,0,0,N,N,NA
F,35-44,2,Democrat,0,0,N,N,NA
F,25-34,1,Democrat,0,0,N,N,NA
F,25-34,3,Democrat,0,0,N,N,NA
M,35-44,2,Democrat,0,0,N,N,NA
F,25-34,3,Democrat,0,0,N,N,NA
F,65+,2,Democrat,0,0,N,N,NA
F,25-34,3,Democrat,0,0,N,N,NA
F,35-44,3,Other,0,0,N,N,NA
M,65+,2,Democrat,0,0,N,N,NA
M,35-44,2,Independent,0,0,N,N,NA
M,35-44,2,Independent,0,0,N,N,NA
M,65+,1,Democrat,0,0,N,N,NA
M,35-44,2,Other,0,0,N,N,NA
M,65+,1,Democrat,0,0,N,N,NA
M,65+,1,Democrat,0,0,N,Y,Twitter
F,65+,1,Democrat,0,0,N,N,NA
M,55-64,3,Democrat,0,0,N,N,NA
F,65+,1,Democrat,0,0,N,N,NA
F,18-24,1,Democrat,0,0,N,N,NA
M,65+,2,Independent,0,0,N,N,NA
M,35-44,1,Democrat,0,0,N,N,NA
F,18-24,2,Independent,0,0,N,N,NA
M,65+,1,Democrat,0,0,N,N,NA
M,25-34,3,Democrat,0,0,N,N,NA
M,45-54,2,Democrat,0,0,N,Y,Email
M,25-34,1,Independent,0,0,N,Y,Email
M,25-34,2,Democrat,0,0,N,N,NA
F,25-34,1,Democrat,0,0,N,N,NA
M,18-24,2,Other,0,0,N,N,NA
F,18-24,2,Other,0,0,N,N,NA
F,18-24,3,Democrat,0,0,N,N,NA
M,65+,1,Democrat,0,0,N,N,NA
M,25-34,2,Democrat,0,0,N,N,NA
M,55-64,1,Democrat,1,25,N,N,NA
M,55-64,1,Democrat,0,0,N,N,NA
F,35-44,3,Independent,0,0,N,N,NA
M,65+,2,Democrat,0,0,N,N,NA
F,18-24,3,Independent,0,0,N,N,NA
M,25-34,2,Democrat,0,0,N,N,NA
F,65+,3,Democrat,0,0,N,N,NA
M,45-54,1,Democrat,0,0,N,N,NA
M,25-34,2,Democrat,0,0,N,N,NA
F,65+,3,Democrat,0,0,N,N,NA
F,65+,3,Democrat,0,0,N,N,NA
F,65+,3,Independent,0,0,N,N,NA
M,65+,2,Democrat,0,0,N,N,NA
F,35-44,2,Democrat,0,0,N,N,NA
M,18-24,1,Democrat,0,0,N,N,NA
M,65+,2,Democrat,0,0,N,N,NA
M,18-24,3,Democrat,0,0,N,N,NA
F,65+,2,Independent,0,0,N,N,NA
F,65+,1,Democrat,0,0,N,N,NA
M,25-34,3,Democrat,0,0,N,N,NA
F,18-24,3,Democrat,0,0,N,Y,Twitter
F,55-64,3,Democrat,0,0,N,N,NA
F,18-24,2,Democrat,0,0,N,N,NA
M,65+,1,Democrat,0,0,N,N,NA
F,65+,1,Independent,0,0,N,N,NA
M,35-44,3,Democrat,0,0,N,Y,Email
M,18-24,1,Democrat,0,0,N,N,NA
F,18-24,3,Democrat,0,0,N,N,NA
F,55-64,3,Independent,0,0,N,N,NA
M,65+,1,Democrat,0,0,N,N,NA
M,18-24,1,Democrat,0,0,N,N,NA
F,65+,3,Independent,0,0,N,N,NA
M,65+,3,Other,0,0,N,N,NA
F,45-54,1,Independent,0,0,N,N,NA
M,55-64,1,Democrat,0,0,N,N,NA
F,65+,3,Democrat,0,0,Y,N,NA
M,55-64,1,Independent,0,0,N,N,NA
F,55-64,3,Other,0,0,N,N,NA
F,65+,1,Democrat,0,0,N,N,NA
F,65+,3,Democrat,0,0,N,N,NA
M,65+,2,Democrat,0,0,N,N,NA
F,25-34,1,Other,0,0,N,N,NA
M,18-24,1,Democrat,0,0,N,N,NA
F,35-44,1,Democrat,0,0,N,N,NA
M,18-24,3,Democrat,0,0,N,Y,Twitter
F,65+,2,Democrat,1,21,N,N,NA
F,18-24,3,Other,0,0,N,N,NA
M,65+,2,Other,0,0,N,N,NA
M,25-34,2,Democrat,0,0,N,N,NA
F,18-24,3,Democrat,0,0,N,N,NA
F,65+,1,Democrat,0,0,N,N,NA
M,65+,3,Democrat,0,0,N,N,NA
M,65+,1,Other,0,0,N,N,NA
F,25-34,1,Democrat,0,0,N,N,NA
F,18-24,2,Democrat,0,0,N,N,NA
F,25-34,1,Democrat,1,20,N,N,NA
F,65+,2,Democrat,0,0,N,N,NA
F,45-54,3,Independent,0,0,N,N,NA
F,65+,2,Democrat,0,0,Y,N,NA
F,65+,2,Democrat,0,0,N,N,NA
F,35-44,1,Independent,0,0,N,N,NA
M,45-54,3,Democrat,0,0,N,N,NA
M,35-44,1,Independent,0,0,N,N,NA
M,18-24,3,Democrat,0,0,N,N,NA
M,65+,1,Independent,0,0,N,Y,Email
F,65+,2,Democrat,0,0,N,N,NA
F,35-44,2,Democrat,0,0,N,N,NA
F,18-24,2,Democrat,0,0,N,N,NA
F,25-34,3,Democrat,0,0,N,N,NA
F,65+,1,Democrat,0,0,N,N,NA
M,18-24,2,Democrat,0,0,N,N,NA
F,35-44,2,Democrat,0,0,N,N,NA
F,18-24,2,Democrat,0,0,N,N,NA
M,45-54,2,Democrat,0,0,N,N,NA
F,45-54,2,Democrat,1,15,N,N,NA
M,25-34,3,Democrat,0,0,N,N,NA
F,35-44,2,Democrat,0,0,N,N,NA
F,18-24,2,Democrat,0,0,N,N,NA
F,18-24,1,Democrat,0,0,N,N,NA
F,65+,2,Democrat,0,0,N,N,NA
F,18-24,1,Democrat,0,0,N,N,NA
M,18-24,2,Democrat,0,0,N,N,NA
M,25-34,2,Independent,0,0,N,N,NA
F,65+,3,Other,1,23,N,N,NA
F,65+,3,Democrat,0,0,N,N,NA
M,45-54,1,Democrat,0,0,N,N,NA
F,18-24,3,Democrat,0,0,N,N,NA
F,65+,1,Democrat,0,0,N,N,NA
M,35-44,3,Democrat,0,0,N,N,NA
F,18-24,3,Independent,0,0,N,N,NA
F,25-34,2,Democrat,0,0,N,N,NA
M,35-44,2,Democrat,0,0,N,N,NA
F,25-34,1,Democrat,0,0,N,Y,Twitter
M,65+,3,Democrat,0,0,N,N,NA
M,55-64,1,Democrat,0,0,N,N,NA
M,45-54,3,Democrat,0,0,N,N,NA
F,65+,3,Other,0,0,N,Y,Email
M,35-44,2,Independent,0,0,N,Y,Email
M,25-34,2,Democrat,0,0,N,N,NA
M,55-64,1,Democrat,0,0,N,N,NA
F,65+,1,Democrat,0,0,N,N,NA
M,35-44,2,Independent,0,0,N,Y,Twitter
M,25-34,3,Democrat,0,0,N,N,NA
F,25-34,1,Democrat,0,0,N,N,NA
F,55-64,2,Independent,0,0,N,N,NA
F,45-54,3,Democrat,0,0,N,N,NA
F,35-44,3,Democrat,1,43,N,N,NA
M,65+,3,Democrat,0,0,N,N,NA
M,55-64,3,Democrat,0,0,N,N,NA
M,65+,1,Democrat,0,0,N,N,NA
F,18-24,3,Democrat,0,0,N,N,NA
F,18-24,1,Democrat,0,0,N,N,NA
M,65+,3,Democrat,0,0,N,N,NA
M,65+,1,Democrat,1,18,N,N,NA
M,65+,1,Democrat,0,0,N,N,NA
M,18-24,3,Independent,0,0,N,N,NA
F,45-54,2,Democrat,0,0,N,N,NA
F,65+,2,Democrat,1,19,N,N,NA
M,65+,3,Democrat,1,28,N,N,NA
M,18-24,3,Democrat,0,0,N,N,NA
F,65+,1,Democrat,0,0,N,Y,Email
F,65+,1,Other,0,0,N,N,NA
M,25-34,3,Democrat,0,0,N,N,NA
M,55-64,2,Democrat,0,0,N,N,NA
M,18-24,2,Independent,0,0,N,N,NA
F,65+,3,Independent,0,0,N,N,NA
F,18-24,1,Democrat,0,0,N,N,NA
M,65+,3,Democrat,0,0,N,Y,Email
M,35-44,3,Democrat,0,0,N,N,NA
F,55-64,1,Democrat,1,12,Y,N,NA
M,25-34,1,Democrat,0,0,N,N,NA
M,25-34,3,Democrat,0,0,N,N,NA
M,25-34,1,Democrat,0,0,N,N,NA
F,65+,1,Democrat,0,0,N,N,NA
F,65+,1,Democrat,0,0,N,Y,Twitter
M,35-44,3,Democrat,1,39,N,N,NA
F,18-24,2,Independent,0,0,N,N,NA
F,55-64,1,Democrat,1,20,N,N,NA
M,35-44,3,Democrat,0,0,N,N,NA
M,55-64,3,Democrat,0,0,N,N,NA
M,18-24,2,Democrat,0,0,N,N,NA
M,35-44,1,Independent,0,0,N,N,NA
F,65+,2,Democrat,0,0,N,N,NA
F,18-24,1,Democrat,0,0,N,N,NA
M,25-34,1,Democrat,0,0,N,N,NA
F,25-34,1,Democrat,0,0,N,N,NA
F,65+,1,Democrat,0,0,N,N,NA
F,45-54,2,Other,0,0,N,N,NA
F,45-54,3,Democrat,0,0,N,N,NA
M,25-34,1,Democrat,0,0,N,N,NA
M,35-44,1,Democrat,0,0,N,N,NA
M,25-34,3,Democrat,0,0,N,Y,Email
F,45-54,1,Democrat,0,0,N,N,NA
F,55-64,3,Democrat,0,0,N,N,NA
F,65+,2,Democrat,0,0,N,N,NA
F,18-24,1,Democrat,0,0,N,N,NA
F,18-24,1,Democrat,0,0,N,N,NA
M,55-64,1,Democrat,0,0,N,N,NA
M,65+,1,Democrat,0,0,N,N,NA
F,65+,2,Independent,0,0,N,N,NA
F,35-44,2,Democrat,0,0,N,N,NA
F,18-24,2,Democrat,0,0,N,N,NA
M,55-64,3,Democrat,0,0,N,N,NA
M,18-24,1,Democrat,0,0,N,N,NA
F,35-44,3,Democrat,0,0,N,N,NA
M,18-24,3,Independent,0,0,N,N,NA
M,65+,2,Democrat,0,0,N,N,NA
F,18-24,1,Democrat,0,0,N,N,NA
M,25-34,2,Other,0,0,N,N,NA
M,18-24,3,Democrat,0,0,N,N,NA
M,65+,2,Democrat,0,0,N,N,NA
F,55-64,2,Independent,0,0,N,N,NA
M,35-44,2,Democrat,0,0,N,N,NA
M,65+,1,Democrat,0,0,N,N,NA
M,65+,2,Democrat,0,0,N,N,NA
M,25-34,3,Democrat,0,0,N,N,NA
F,55-64,1,Democrat,0,0,N,N,NA
M,65+,3,Independent,0,0,N,N,NA
F,25-34,3,Independent,0,0,N,N,NA
F,65+,3,Democrat,0,0,N,N,NA
M,65+,3,Democrat,0,0,N,N,NA
F,25-34,2,Democrat,0,0,N,N,NA
F,25-34,3,Democrat,0,0,N,N,NA
M,65+,2,Independent,0,0,N,Y,Email
F,18-24,2,Democrat,0,0,N,N,NA
F,65+,2,Democrat,0,0,N,N,NA
F,18-24,2,Democrat,0,0,N,Y,Email
F,18-24,3,Democrat,0,0,N,N,NA
F,65+,3,Democrat,0,0,N,N,NA
M,35-44,3,Democrat,0,0,N,N,NA
M,65+,1,Independent,0,0,N,N,NA
F,65+,1,Democrat,0,0,N,N,NA
M,45-54,1,Democrat,0,0,N,N,NA
F,45-54,2,Democrat,0,0,N,N,NA
F,18-24,1,Other,0,0,N,N,NA
M,18-24,3,Democrat,0,0,N,N,NA
M,65+,3,Democrat,0,0,N,N,NA
F,18-24,2,Other,0,0,N,N,NA
F,25-34,3,Democrat,0,0,Y,N,NA
M,35-44,1,Democrat,0,0,N,N,NA
F,65+,1,Democrat,0,0,N,N,NA
M,35-44,1,Independent,0,0,N,N,NA
F,55-64,3,Independent,0,0,N,N,NA
F,25-34,3,Democrat,0,0,N,N,NA
M,25-34,2,Other,0,0,N,N,NA
F,55-64,1,Democrat,0,0,N,N,NA
M,55-64,2,Democrat,0,0,N,N,NA
F,25-34,3,Democrat,0,0,N,N,NA
F,65+,2,Democrat,0,0,N,N,NA
F,65+,2,Democrat,0,0,N,N,NA
M,18-24,1,Other,0,0,N,N,NA
F,25-34,3,Democrat,0,0,N,N,NA
M,18-24,3,Other,0,0,N,N,NA
F,35-44,2,Democrat,0,0,N,N,NA
M,45-54,1,Democrat,0,0,N,N,NA
F,65+,3,Independent,0,0,N,N,NA
M,18-24,2,Democrat,0,0,N,N,NA
F,18-24,3,Democrat,0,0,N,N,NA
M,35-44,1,Independent,0,0,N,N,NA
F,45-54,2,Democrat,0,0,N,N,NA
F,45-54,2,Other,0,0,N,N,NA
M,25-34,2,Democrat,0,0,N,Y,Twitter
F,18-24,3,Independent,0,0,N,N,NA
F,55-64,2,Democrat,0,0,N,N,NA
F,35-44,3,Democrat,0,0,N,N,NA
M,35-44,3,Democrat,0,0,N,N,NA
M,45-54,2,Democrat,0,0,N,N,NA
F,25-34,3,Other,0,0,N,N,NA
F,35-44,3,Democrat,0,0,N,N,NA
F,18-24,3,Democrat,0,0,N,N,NA
F,55-64,1,Democrat,0,0,N,N,NA
F,35-44,2,Democrat,0,0,N,N,NA
F,18-24,3,Democrat,0,0,N,N,NA
M,35-44,3,Democrat,1,31,N,N,NA
M,18-24,3,Democrat,0,0,N,N,NA
F,18-24,1,Democrat,0,0,N,Y,Email
M,18-24,1,Democrat,0,0,N,N,NA
M,18-24,3,Independent,0,0,N,N,NA
M,35-44,2,Democrat,0,0,N,N,NA
M,18-24,3,Democrat,0,0,N,N,NA
M,65+,1,Democrat,0,0,N,N,NA
M,18-24,2,Democrat,0,0,N,N,NA
M,45-54,1,Democrat,0,0,N,N,NA
F,18-24,3,Independent,0,0,N,N,NA
M,25-34,1,Democrat,1,15,N,N,NA
M,25-34,2,Democrat,0,0,N,N,NA
F,18-24,3,Independent,0,0,N,N,NA
M,65+,1,Democrat,0,0,N,N,NA
M,25-34,1,Democrat,0,0,N,N,NA
F,55-64,3,Democrat,0,0,N,N,NA
F,25-34,1,Other,0,0,N,N,NA
F,25-34,2,Other,0,0,Y,N,NA
M,25-34,3,Independent,0,0,N,N,NA
F,65+,1,Democrat,0,0,N,N,NA
M,25-34,3,Independent,0,0,N,N,NA
M,65+,3,Democrat,0,0,N,N,NA
F,65+,1,Democrat,0,0,N,N,NA
F,18-24,2,Democrat,0,0,N,N,NA
F,65+,1,Independent,0,0,N,N,NA
M,35-44,1,Democrat,0,0,N,N,NA
M,25-34,2,Democrat,0,0,N,Y,Twitter
F,18-24,3,Independent,0,0,N,N,NA
F,65+,3,Democrat,0,0,N,N,NA
M,65+,3,Democrat,0,0,N,Y,Twitter
M,25-34,1,Democrat,0,0,N,N,NA
M,18-24,1,Independent,0,0,N,N,NA
M,25-34,3,Democrat,0,0,N,N,NA
F,35-44,1,Independent,0,0,N,N,NA
M,65+,2,Other,0,0,N,N,NA
F,65+,1,Democrat,1,24,N,N,NA
M,18-24,1,Democrat,0,0,N,N,NA
F,45-54,1,Democrat,0,0,N,N,NA
M,65+,1,Democrat,0,0,N,N,NA
F,65+,1,Democrat,0,0,N,N,NA
M,35-44,2,Democrat,1,19,N,N,NA
M,18-24,1,Independent,0,0,N,N,NA
F,35-44,3,Democrat,0,0,N,N,NA
M,35-44,1,Democrat,0,0,N,N,NA
F,25-34,1,Democrat,0,0,N,N,NA
M,65+,1,Democrat,0,0,N,N,NA
F,18-24,2,Independent,0,0,N,N,NA
M,65+,1,Democrat,0,0,N,N,NA
F,55-64,3,Democrat,0,0,N,N,NA
M,55-64,1,Democrat,1,27,N,N,NA
M,35-44,1,Democrat,1,23,N,N,NA
M,45-54,2,Democrat,0,0,N,Y,Email
F,55-64,2,Independent,0,0,N,N,NA
F,65+,1,Democrat,0,0,N,N,NA
M,35-44,2,Independent,0,0,N,N,NA
M,25-34,3,Democrat,0,0,N,N,NA
M,18-24,2,Democrat,0,0,N,N,NA
F,45-54,1,Independent,0,0,N,N,NA
F,65+,1,Independent,0,0,N,N,NA
M,25-34,2,Democrat,0,0,N,N,NA
F,18-24,3,Independent,0,0,N,N,NA
M,25-34,2,Democrat,0,0,N,N,NA
F,65+,1,Other,0,0,N,N,NA
M,25-34,3,Democrat,0,0,N,N,NA
F,25-34,1,Independent,0,0,N,N,NA
M,65+,3,Other,0,0,N,N,NA
F,45-54,3,Democrat,0,0,N,N,NA
M,65+,1,Democrat,0,0,N,N,NA
M,25-34,1,Democrat,0,0,N,N,NA
F,65+,2,Independent,0,0,N,N,NA
F,35-44,1,Democrat,0,0,N,N,NA
F,65+,3,Democrat,0,0,N,N,NA
F,25-34,2,Democrat,1,22,N,N,NA
F,18-24,3,Democrat,0,0,N,N,NA
M,18-24,3,Democrat,0,0,N,N,NA
F,18-24,2,Independent,1,22,N,N,NA
F,25-34,3,Democrat,0,0,N,N,NA
M,55-64,1,Independent,0,0,N,N,NA
M,25-34,2,Independent,0,0,N,N,NA
F,25-34,1,Democrat,0,0,N,N,NA
M,18-24,2,Democrat,0,0,N,N,NA
M,65+,1,Democrat,0,0,N,N,NA
M,65+,2,Independent,0,0,N,N,NA
F,25-34,1,Democrat,0,0,N,N,NA
F,45-54,2,Democrat,0,0,N,N,NA
M,18-24,3,Democrat,0,0,N,N,NA
M,18-24,3,Other,0,0,N,N,NA
F,18-24,3,Democrat,0,0,N,N,NA
M,65+,3,Other,0,0,N,N,NA
F,35-44,2,Democrat,0,0,N,N,NA
M,18-24,2,Democrat,0,0,N,N,NA
F,35-44,1,Democrat,0,0,N,N,NA
M,65+,3,Other,0,0,N,N,NA
M,35-44,2,Democrat,0,0,N,Y,Email
F,18-24,1,Democrat,0,0,N,N,NA
M,18-24,1,Democrat,0,0,N,N,NA
M,25-34,1,Independent,0,0,N,N,NA
F,18-24,3,Democrat,0,0,N,N,NA
M,45-54,3,Democrat,0,0,N,N,NA
M,25-34,1,Independent,0,0,N,N,NA
M,18-24,2,Democrat,0,0,N,N,NA
F,25-34,2,Democrat,0,0,N,N,NA
M,25-34,1,Democrat,0,0,N,N,NA
M,55-64,3,Democrat,0,0,N,N,NA
M,65+,3,Democrat,0,0,N,N,NA
M,55-64,1,Democrat,0,0,N,N,NA
F,45-54,1,Independent,0,0,N,N,NA
M,65+,2,Democrat,0,0,N,N,NA
M,45-54,1,Democrat,0,0,N,N,NA
M,25-34,3,Democrat,0,0,N,N,NA
F,65+,3,Independent,0,0,N,N,NA
F,45-54,1,Democrat,0,0,N,N,NA
F,35-44,2,Democrat,0,0,N,N,NA
M,25-34,2,Independent,0,0,N,N,NA
M,45-54,1,Democrat,0,0,N,N,NA
M,65+,2,Democrat,0,0,N,N,NA
M,55-64,3,Democrat,0,0,N,Y,Twitter
M,25-34,2,Democrat,0,0,N,N,NA
F,55-64,1,Other,0,0,N,N,NA
M,25-34,2,Democrat,0,0,N,N,NA
M,25-34,3,Democrat,0,0,N,N,NA
F,65+,3,Other,0,0,N,Y,Email
M,65+,1,Democrat,0,0,N,N,NA
M,25-34,1,Democrat,1,17,N,N,NA
F,65+,2,Democrat,0,0,Y,N,NA
M,35-44,1,Democrat,0,0,N,N,NA
F,65+,2,Democrat,0,0,Y,N,NA
M,18-24,2,Democrat,0,0,N,N,NA
F,55-64,3,Independent,0,0,N,N,NA
M,65+,1,Democrat,1,16,N,N,NA
M,65+,3,Democrat,0,0,N,N,NA
M,25-34,3,Independent,0,0,N,N,NA
F,65+,1,Democrat,0,0,N,N,NA
F,55-64,3,Independent,0,0,N,N,NA
F,55-64,2,Independent,0,0,N,N,NA
M,25-34,3,Independent,0,0,N,N,NA
M,45-54,1,Democrat,0,0,N,N,NA
M,18-24,2,Democrat,0,0,N,N,NA
M,65+,1,Independent,0,0,N,N,NA
M,25-34,1,Democrat,0,0,N,N,NA
M,35-44,1,Democrat,1,25,N,N,NA
M,25-34,1,Independent,0,0,N,N,NA
F,25-34,3,Democrat,0,0,N,N,NA
F,65+,2,Democrat,0,0,N,N,NA
F,45-54,2,Democrat,0,0,N,Y,Email
M,35-44,3,Democrat,0,0,N,N,NA
M,45-54,2,Democrat,0,0,N,N,NA
M,18-24,3,Democrat,0,0,N,N,NA
M,18-24,2,Democrat,0,0,N,N,NA
M,25-34,3,Democrat,0,0,Y,N,NA
M,18-24,3,Democrat,0,0,N,N,NA
M,18-24,1,Democrat,0,0,N,N,NA
F,25-34,3,Democrat,0,0,N,Y,Twitter
F,18-24,1,Democrat,0,0,N,N,NA
F,35-44,1,Other,0,0,Y,N,NA
M,25-34,1,Democrat,0,0,N,N,NA
M,25-34,2,Democrat,0,0,N,N,NA
M,65+,3,Democrat,1,34,N,N,NA
F,18-24,3,Other,0,0,N,N,NA
M,55-64,1,Democrat,0,0,N,N,NA
M,18-24,1,Democrat,0,0,N,N,NA
M,18-24,2,Independent,0,0,N,N,NA
M,18-24,2,Democrat,1,22,N,N,NA
F,18-24,2,Democrat,0,0,N,N,NA
F,18-24,3,Democrat,0,0,N,N,NA
F,25-34,3,Democrat,0,0,N,N,NA
F,65+,2,Democrat,0,0,N,N,NA
F,65+,3,Independent,0,0,N,N,NA
M,65+,3,Democrat,0,0,N,N,NA
F,45-54,2,Independent,0,0,N,N,NA
F,55-64,2,Democrat,0,0,N,Y,Twitter
F,65+,2,Independent,0,0,N,N,NA
F,35-44,1,Independent,0,0,N,N,NA
F,35-44,1,Democrat,0,0,N,N,NA
F,18-24,3,Democrat,0,0,N,N,NA
F,35-44,1,Independent,0,0,Y,N,NA
F,25-34,2,Democrat,0,0,N,N,NA
M,65+,1,Other,0,0,N,N,NA
M,65+,3,Democrat,0,0,N,N,NA
F,25-34,3,Independent,0,0,N,N,NA
F,65+,3,Democrat,0,0,N,N,NA
M,18-24,1,Democrat,0,0,N,N,NA
F,65+,1,Democrat,0,0,N,N,NA
F,35-44,2,Democrat,0,0,N,N,NA
F,18-24,1,Democrat,0,0,N,N,NA
F,25-34,2,Democrat,0,0,N,N,NA
F,35-44,3,Democrat,0,0,N,N,NA
M,25-34,1,Democrat,0,0,N,N,NA
M,18-24,2,Democrat,0,0,N,N,NA
M,35-44,1,Democrat,0,0,N,N,NA
F,65+,3,Democrat,0,0,N,N,NA
M,55-64,3,Democrat,0,0,N,N,NA
M,65+,1,Democrat,1,21,N,N,NA
M,25-34,2,Democrat,0,0,N,N,NA
F,45-54,1,Democrat,0,0,N,N,NA
F,65+,1,Democrat,0,0,N,N,NA
F,55-64,1,Democrat,1,16,N,N,NA
F,18-24,3,Democrat,1,29,N,N,NA
F,65+,3,Democrat,0,0,N,N,NA
M,65+,3,Democrat,0,0,N,N,NA
M,45-54,3,Democrat,0,0,N,Y,Twitter
M,18-24,2,Democrat,0,0,N,N,NA
F,25-34,2,Democrat,0,0,N,N,NA
M,18-24,2,Democrat,0,0,N,N,NA
M,65+,3,Democrat,0,0,N,N,NA
M,18-24,2,Democrat,0,0,N,N,NA
F,65+,3,Independent,0,0,N,N,NA
M,25-34,1,Democrat,0,0,N,N,NA
M,55-64,3,Democrat,0,0,N,N,NA
F,25-34,3,Other,0,0,N,N,NA
M,18-24,1,Democrat,0,0,N,N,NA
F,55-64,1,Other,0,0,N,N,NA
M,35-44,3,Other,0,0,N,N,NA
F,25-34,2,Democrat,0,0,N,N,NA
F,35-44,1,Democrat,0,0,N,N,NA
F,18-24,2,Democrat,0,0,N,N,NA
M,18-24,2,Democrat,0,0,N,N,NA
M,18-24,3,Democrat,0,0,N,N,NA
F,18-24,2,Independent,0,0,N,N,NA
M,65+,2,Democrat,0,0,N,N,NA
M,55-64,3,Democrat,0,0,N,N,NA
M,35-44,2,Independent,0,0,N,N,NA
F,65+,1,Independent,0,0,N,N,NA
M,18-24,2,Democrat,0,0,N,N,NA
F,65+,3,Democrat,0,0,N,N,NA
F,35-44,1,Democrat,0,0,N,N,NA
F,18-24,3,Democrat,0,0,N,N,NA
M,65+,3,Democrat,0,0,N,N,NA
F,45-54,3,Other,0,0,N,N,NA
F,45-54,2,Democrat,0,0,N,N,NA
M,25-34,2,Independent,0,0,N,N,NA
F,18-24,3,Democrat,0,0,N,N,NA
M,25-34,3,Independent,0,0,N,N,NA
F,65+,1,Democrat,0,0,N,N,NA
F,25-34,2,Democrat,0,0,N,N,NA
M,35-44,1,Democrat,0,0,N,N,NA
M,35-44,2,Democrat,0,0,N,N,NA
M,35-44,1,Democrat,0,0,N,N,NA
M,65+,1,Independent,0,0,N,N,NA
M,25-34,1,Democrat,1,19,N,N,NA
M,35-44,1,Democrat,0,0,N,N,NA
M,55-64,3,Democrat,0,0,N,N,NA
F,65+,1,Independent,0,0,N,N,NA
F,65+,1,Independent,0,0,N,N,NA
F,25-34,2,Democrat,0,0,N,N,NA
M,18-24,3,Democrat,0,0,N,N,NA
M,25-34,2,Democrat,0,0,N,N,NA
M,18-24,1,Other,0,0,N,N,NA
M,18-24,2,Democrat,0,0,N,N,NA
M,25-34,2,Democrat,0,0,N,N,NA
F,35-44,3,Democrat,0,0,N,N,NA
F,65+,2,Democrat,0,0,N,N,NA
F,35-44,2,Independent,0,0,N,N,NA
F,65+,1,Democrat,0,0,N,Y,Email
F,45-54,1,Democrat,0,0,N,N,NA
M,18-24,1,Democrat,0,0,N,N,NA
F,25-34,3,Democrat,0,0,N,N,NA
F,18-24,3,Democrat,0,0,N,N,NA
F,25-34,1,Independent,0,0,N,N,NA
M,25-34,3,Democrat,0,0,N,N,NA
M,55-64,1,Democrat,0,0,N,N,NA
M,25-34,1,Other,0,0,N,N,NA
M,35-44,2,Democrat,0,0,N,N,NA
F,35-44,1,Democrat,0,0,N,N,NA
M,65+,3,Democrat,0,0,N,N,NA
F,65+,3,Democrat,0,0,N,N,NA
M,65+,1,Other,0,0,N,N,NA
M,18-24,1,Independent,0,0,N,N,NA
F,35-44,3,Democrat,0,0,N,N,NA
F,35-44,3,Democrat,0,0,N,N,NA
M,55-64,1,Democrat,0,0,N,Y,Email
M,65+,3,Democrat,0,0,N,N,NA
M,45-54,2,Democrat,0,0,N,N,NA
M,18-24,1,Democrat,0,0,N,N,NA
M,25-34,3,Other,0,0,N,N,NA
M,35-44,1,Democrat,0,0,N,N,NA
M,25-34,2,Democrat,0,0,N,N,NA
F,18-24,3,Democrat,0,0,N,N,NA
M,18-24,1,Democrat,0,0,N,N,NA
F,45-54,1,Other,0,0,N,N,NA
M,35-44,2,Independent,0,0,N,N,NA
F,45-54,2,Democrat,0,0,N,N,NA
M,18-24,3,Democrat,1,52,N,Y,Email
M,18-24,1,Democrat,0,0,Y,N,NA
M,65+,3,Democrat,0,0,N,N,NA
F,25-34,3,Democrat,0,0,N,N,NA
M,18-24,3,Democrat,0,0,N,N,NA
M,25-34,2,Democrat,0,0,N,N,NA
F,45-54,3,Democrat,0,0,N,N,NA
F,25-34,2,Democrat,0,0,N,N,NA
M,18-24,2,Democrat,0,0,N,N,NA
M,55-64,2,Democrat,0,0,N,N,NA
F,35-44,2,Democrat,0,0,N,N,NA
M,65+,1,Independent,0,0,N,N,NA
F,55-64,1,Independent,0,0,N,N,NA
M,45-54,1,Democrat,0,0,Y,N,NA
F,25-34,1,Democrat,0,0,N,N,NA
F,65+,2,Democrat,0,0,N,N,NA
M,55-64,3,Democrat,0,0,N,N,NA
M,65+,1,Democrat,0,0,N,N,NA
M,65+,2,Democrat,0,0,N,N,NA
F,25-34,2,Democrat,0,0,N,N,NA
F,18-24,1,Independent,0,0,N,N,NA
M,18-24,3,Democrat,0,0,N,N,NA
F,18-24,1,Independent,0,0,N,N,NA
F,18-24,2,Democrat,0,0,N,N,NA
F,18-24,2,Democrat,0,0,N,N,NA
F,18-24,3,Independent,0,0,N,N,NA
M,55-64,3,Democrat,0,0,N,N,NA
F,65+,1,Democrat,0,0,N,N,NA
F,18-24,1,Democrat,0,0,N,N,NA
M,25-34,2,Independent,1,21,N,N,NA
M,35-44,2,Independent,0,0,N,N,NA
M,65+,1,Democrat,0,0,N,N,NA
F,25-34,1,Democrat,1,24,N,N,NA
M,18-24,3,Democrat,0,0,N,N,NA
F,18-24,3,Democrat,0,0,N,N,NA
M,65+,1,Democrat,0,0,N,N,NA
F,45-54,1,Democrat,0,0,N,N,NA
F,18-24,2,Democrat,0,0,N,Y,Email
M,55-64,1,Independent,0,0,N,N,NA
F,65+,1,Democrat,0,0,N,N,NA
M,65+,2,Democrat,0,0,N,N,NA
F,25-34,1,Democrat,0,0,N,N,NA
M,18-24,1,Democrat,0,0,N,N,NA
M,65+,3,Democrat,0,0,N,N,NA
F,25-34,1,Democrat,0,0,N,N,NA
F,65+,1,Democrat,0,0,N,N,NA
F,65+,1,Democrat,0,0,N,N,NA
M,65+,3,Democrat,0,0,N,N,NA
M,18-24,3,Other,0,0,N,N,NA
F,65+,1,Independent,0,0,N,N,NA
F,18-24,2,Independent,0,0,N,N,NA
M,25-34,1,Democrat,0,0,N,N,NA
F,65+,2,Other,0,0,N,N,NA
M,65+,1,Democrat,0,0,N,Y,Twitter
M,65+,1,Democrat,0,0,N,N,NA
M,25-34,2,Democrat,0,0,N,N,NA
M,25-34,1,Democrat,0,0,N,N,NA
M,18-24,2,Democrat,0,0,N,Y,Email
F,25-34,2,Democrat,0,0,N,N,NA
F,35-44,1,Democrat,0,0,N,N,NA
F,65+,1,Democrat,0,0,N,N,NA
F,35-44,1,Democrat,0,0,N,N,NA
F,65+,1,Independent,0,0,N,N,NA
F,35-44,3,Democrat,0,0,N,Y,Email
M,55-64,1,Democrat,0,0,N,N,NA
M,65+,1,Democrat,0,0,N,Y,Twitter
M,18-24,1,Democrat,0,0,N,N,NA
M,18-24,2,Other,1,22,N,N,NA
M,45-54,3,Democrat,0,0,N,N,NA
F,25-34,1,Democrat,0,0,N,N,NA
F,25-34,1,Democrat,0,0,N,N,NA
F,18-24,2,Democrat,0,0,N,N,NA
F,55-64,3,Democrat,0,0,N,N,NA
F,25-34,3,Independent,0,0,N,N,NA
M,35-44,2,Independent,0,0,N,Y,Twitter
F,18-24,3,Independent,0,0,N,N,NA
F,35-44,2,Democrat,0,0,N,N,NA
M,65+,3,Democrat,0,0,N,N,NA
M,65+,3,Democrat,0,0,N,N,NA
F,55-64,1,Democrat,0,0,N,N,NA
F,65+,2,Democrat,0,0,N,N,NA
F,35-44,3,Independent,1,22,N,N,NA
M,35-44,2,Democrat,0,0,N,N,NA
F,18-24,3,Democrat,0,0,N,N,NA
M,35-44,2,Democrat,0,0,N,N,NA
M,35-44,3,Democrat,0,0,N,N,NA
F,65+,2,Democrat,0,0,N,N,NA
F,55-64,3,Democrat,0,0,N,N,NA
M,25-34,1,Democrat,0,0,N,N,NA
M,18-24,3,Other,0,0,N,N,NA
M,65+,2,Independent,0,0,N,Y,Email
F,65+,2,Democrat,0,0,N,N,NA
F,18-24,2,Democrat,0,0,N,N,NA
M,65+,1,Democrat,0,0,N,N,NA
F,65+,1,Democrat,0,0,N,N,NA
M,25-34,2,Democrat,0,0,N,N,NA
M,65+,1,Democrat,0,0,N,N,NA
M,65+,3,Democrat,0,0,N,N,NA
M,65+,3,Democrat,0,0,N,N,NA
M,65+,1,Democrat,0,0,N,N,NA
F,65+,1,Democrat,1,18,N,N,NA
F,25-34,1,Democrat,0,0,N,N,NA
M,65+,2,Democrat,0,0,N,N,NA
M,45-54,3,Democrat,0,0,Y,N,NA
F,18-24,3,Democrat,0,0,N,N,NA
F,55-64,3,Democrat,0,0,N,N,NA
F,25-34,3,Democrat,0,0,N,N,NA
M,65+,3,Democrat,0,0,N,N,NA
M,25-34,3,Independent,0,0,N,N,NA
F,65+,2,Democrat,0,0,N,N,NA
M,55-64,1,Democrat,0,0,N,N,NA
F,65+,1,Independent,0,0,N,N,NA
F,18-24,3,Democrat,0,0,N,N,NA
F,55-64,3,Other,0,0,N,Y,Twitter
F,65+,2,Democrat,0,0,N,N,NA
F,55-64,1,Democrat,0,0,N,N,NA
M,25-34,3,Other,0,0,Y,N,NA
F,25-34,2,Democrat,0,0,N,N,NA
M,65+,1,Independent,0,0,N,N,NA
M,25-34,1,Democrat,0,0,N,N,NA
M,25-34,1,Democrat,0,0,N,N,NA
F,18-24,2,Democrat,0,0,N,N,NA
M,18-24,1,Democrat,0,0,Y,N,NA
M,65+,3,Democrat,0,0,N,N,NA
M,65+,3,Democrat,0,0,N,Y,Email
M,18-24,2,Other,0,0,N,N,NA
F,25-34,2,Other,0,0,N,N,NA
F,18-24,1,Independent,0,0,N,N,NA
F,65+,3,Democrat,0,0,N,N,NA
M,35-44,1,Democrat,0,0,N,N,NA
M,25-34,3,Independent,0,0,N,N,NA
F,18-24,3,Democrat,0,0,N,Y,Twitter
F,18-24,3,Democrat,0,0,N,N,NA
M,35-44,3,Democrat,0,0,N,N,NA
M,35-44,1,Democrat,0,0,N,N,NA
F,65+,3,Democrat,0,0,N,N,NA
F,65+,1,Other,0,0,N,N,NA
F,65+,3,Independent,0,0,N,N,NA
F,25-34,3,Other,0,0,N,N,NA
F,25-34,1,Independent,0,0,Y,N,NA
M,65+,3,Democrat,0,0,Y,N,NA
M,25-34,1,Democrat,0,0,N,Y,Email
M,35-44,3,Democrat,0,0,N,N,NA
M,65+,2,Independent,0,0,N,N,NA
M,65+,1,Democrat,0,0,N,Y,Email
F,55-64,3,Democrat,0,0,N,N,NA
F,65+,2,Democrat,0,0,N,N,NA
M,18-24,1,Democrat,0,0,N,N,NA
M,65+,3,Democrat,0,0,N,N,NA
M,65+,2,Other,0,0,N,N,NA
M,18-24,3,Independent,0,0,N,N,NA
F,25-34,2,Democrat,0,0,N,N,NA
M,18-24,2,Democrat,0,0,N,N,NA
M,65+,2,Independent,0,0,N,N,NA
F,25-34,1,Democrat,0,0,N,N,NA
F,45-54,2,Democrat,0,0,N,N,NA
F,55-64,3,Democrat,0,0,N,N,NA
F,18-24,2,Democrat,0,0,N,N,NA
M,25-34,2,Democrat,1,20,N,N,NA
M,65+,2,Democrat,0,0,N,N,NA
M,65+,3,Other,0,0,N,N,NA
F,55-64,1,Democrat,0,0,N,N,NA
M,18-24,2,Democrat,0,0,N,N,NA
M,55-64,2,Democrat,0,0,N,N,NA
M,65+,2,Democrat,0,0,N,N,NA
M,35-44,2,Independent,0,0,N,Y,Email
F,35-44,3,Independent,0,0,N,N,NA
M,65+,3,Other,0,0,N,N,NA
M,18-24,3,Independent,0,0,N,N,NA
F,18-24,3,Democrat,0,0,N,N,NA
M,45-54,3,Democrat,0,0,N,N,NA
M,25-34,3,Democrat,0,0,N,N,NA
F,55-64,1,Independent,0,0,N,N,NA
F,18-24,3,Independent,0,0,N,N,NA
M,65+,2,Independent,0,0,N,N,NA
M,45-54,2,Other,0,0,N,N,NA
M,18-24,3,Democrat,0,0,N,N,NA
F,18-24,2,Other,0,0,N,N,NA
F,18-24,1,Independent,0,0,N,N,NA
F,18-24,3,Democrat,0,0,N,N,NA
F,55-64,1,Democrat,0,0,N,Y,Email
M,18-24,2,Independent,0,0,N,N,NA
M,25-34,3,Democrat,0,0,N,N,NA
M,65+,3,Other,0,0,N,Y,Email
F,18-24,3,Democrat,1,51,N,N,NA
F,35-44,3,Democrat,0,0,N,N,NA
F,55-64,1,Democrat,1,16,N,N,NA
F,25-34,3,Democrat,0,0,N,N,NA
F,18-24,2,Democrat,0,0,N,N,NA
F,18-24,3,Independent,0,0,N,N,NA
F,65+,3,Democrat,1,36,N,N,NA
M,65+,2,Democrat,0,0,N,N,NA
M,25-34,1,Democrat,0,0,N,N,NA
F,25-34,2,Democrat,0,0,N,N,NA
F,65+,1,Democrat,1,25,N,N,NA
F,65+,2,Democrat,0,0,N,N,NA
M,65+,2,Democrat,0,0,N,N,NA
M,18-24,1,Independent,0,0,N,N,NA
F,65+,2,Democrat,0,0,N,N,NA
F,55-64,3,Democrat,0,0,N,N,NA
F,18-24,2,Democrat,0,0,N,N,NA
M,18-24,1,Democrat,0,0,N,N,NA
M,35-44,2,Democrat,0,0,N,N,NA
F,25-34,2,Other,0,0,N,N,NA
F,25-34,1,Independent,0,0,N,N,NA
F,65+,1,Independent,0,0,N,N,NA
F,35-44,2,Democrat,0,0,N,N,NA
M,35-44,2,Democrat,0,0,N,N,NA
M,55-64,1,Independent,0,0,Y,N,NA
F,35-44,2,Democrat,0,0,N,N,NA
M,18-24,1,Other,0,0,N,N,NA
M,65+,3,Democrat,0,0,N,N,NA
F,35-44,1,Democrat,0,0,N,N,NA
F,65+,3,Democrat,0,0,N,N,NA
M,35-44,2,Democrat,0,0,N,N,NA
M,35-44,1,Independent,0,0,N,N,NA
M,25-34,2,Democrat,0,0,N,N,NA
F,18-24,3,Democrat,0,0,N,N,NA
M,65+,3,Independent,0,0,N,N,NA
M,65+,2,Democrat,0,0,N,N,NA
F,18-24,2,Other,0,0,N,N,NA
M,25-34,3,Other,0,0,N,N,NA
F,45-54,1,Democrat,0,0,N,N,NA
M,65+,3,Democrat,0,0,N,N,NA
F,65+,2,Democrat,0,0,N,N,NA
F,65+,2,Democrat,0,0,N,N,NA
F,45-54,1,Independent,1,17,N,N,NA
F,55-64,3,Democrat,0,0,N,N,NA
F,25-34,1,Democrat,0,0,N,N,NA
M,18-24,1,Democrat,0,0,N,N,NA
F,65+,3,Independent,0,0,N,N,NA
F,35-44,2,Independent,0,0,N,N,NA
F,25-34,3,Democrat,0,0,N,N,NA
F,45-54,3,Democrat,0,0,N,N,NA
M,18-24,1,Democrat,0,0,N,Y,Email
F,18-24,2,Democrat,0,0,N,N,NA
F,18-24,1,Independent,0,0,N,N,NA
F,65+,1,Democrat,0,0,N,N,NA
F,65+,1,Other,1,25,N,N,NA
F,65+,3,Democrat,0,0,N,N,NA
F,18-24,2,Democrat,0,0,N,N,NA
F,55-64,3,Democrat,0,0,N,N,NA
F,25-34,3,Democrat,0,0,N,Y,Twitter
M,45-54,1,Democrat,0,0,N,N,NA
M,65+,2,Democrat,0,0,N,N,NA
F,65+,3,Democrat,0,0,N,N,NA
M,18-24,2,Democrat,0,0,N,N,NA
F,55-64,3,Other,0,0,N,Y,Email
M,18-24,3,Democrat,0,0,N,N,NA
F,18-24,2,Democrat,1,15,N,N,NA
F,18-24,3,Independent,0,0,N,N,NA
M,35-44,3,Democrat,0,0,N,N,NA
F,25-34,1,Independent,0,0,N,N,NA
M,25-34,2,Independent,0,0,N,N,NA
F,35-44,1,Democrat,0,0,N,N,NA
M,25-34,1,Democrat,0,0,N,N,NA
F,55-64,1,Democrat,0,0,N,N,NA
F,25-34,2,Democrat,0,0,N,N,NA
M,18-24,2,Democrat,0,0,N,N,NA
F,45-54,1,Democrat,0,0,N,N,NA
M,18-24,3,Democrat,0,0,N,N,NA
M,25-34,1,Independent,0,0,N,Y,Email
F,18-24,1,Democrat,0,0,N,N,NA
F,25-34,3,Democrat,0,0,N,N,NA
M,65+,3,Democrat,0,0,N,N,NA
M,65+,1,Independent,0,0,N,N,NA
M,18-24,3,Democrat,0,0,N,N,NA
F,25-34,2,Democrat,0,0,N,Y,Email
M,65+,2,Democrat,0,0,N,N,NA
M,65+,2,Democrat,0,0,N,N,NA
F,35-44,2,Democrat,0,0,N,N,NA
F,45-54,3,Other,0,0,N,N,NA
F,55-64,2,Independent,0,0,N,N,NA
F,65+,1,Democrat,0,0,N,N,NA
F,65+,2,Democrat,0,0,N,N,NA
F,65+,2,Democrat,0,0,N,N,NA
F,55-64,3,Democrat,0,0,N,N,NA
F,65+,3,Democrat,0,0,N,N,NA
F,45-54,3,Democrat,0,0,N,N,NA
F,45-54,1,Democrat,0,0,N,N,NA
M,18-24,3,Democrat,0,0,N,N,NA
M,18-24,3,Independent,0,0,N,N,NA
M,25-34,2,Democrat,0,0,N,N,NA
F,25-34,2,Democrat,0,0,N,N,NA
M,65+,3,Independent,0,0,N,N,NA
F,65+,1,Democrat,0,0,N,N,NA
F,18-24,3,Democrat,0,0,N,N,NA
F,25-34,1,Independent,0,0,N,N,NA
F,35-44,3,Other,0,0,N,N,NA
M,35-44,1,Democrat,0,0,N,N,NA
M,35-44,1,Democrat,0,0,N,N,NA
M,65+,1,Other,0,0,Y,N,NA
F,35-44,1,Independent,0,0,N,N,NA
M,18-24,3,Independent,0,0,N,N,NA
M,65+,1,Democrat,0,0,N,N,NA
F,55-64,2,Democrat,1,23,Y,N,NA
F,25-34,1,Democrat,0,0,N,N,NA
M,65+,2,Democrat,0,0,N,N,NA
F,55-64,3,Democrat,0,0,N,N,NA
F,25-34,1,Independent,0,0,N,N,NA
F,55-64,1,Democrat,0,0,N,N,NA
F,55-64,2,Democrat,0,0,N,N,NA
F,18-24,2,Democrat,0,0,N,N,NA
M,25-34,2,Democrat,0,0,N,N,NA
M,18-24,2,Independent,0,0,N,N,NA
F,25-34,2,Democrat,0,0,N,N,NA
F,45-54,2,Democrat,0,0,N,N,NA
F,45-54,3,Democrat,0,0,N,N,NA
M,25-34,3,Democrat,0,0,N,N,NA
M,65+,2,Democrat,0,0,N,N,NA
F,25-34,2,Other,1,19,N,N,NA
M,65+,1,Democrat,0,0,N,N,NA
F,25-34,3,Democrat,0,0,N,N,NA
F,25-34,1,Democrat,1,19,N,N,NA
F,55-64,1,Independent,0,0,N,N,NA
M,65+,1,Democrat,0,0,N,N,NA
M,25-34,2,Democrat,0,0,N,N,NA
F,35-44,1,Democrat,0,0,N,N,NA
M,45-54,3,Other,0,0,N,N,NA
F,25-34,3,Independent,0,0,N,N,NA
F,55-64,1,Democrat,0,0,N,N,NA
F,65+,1,Democrat,0,0,N,N,NA
M,35-44,2,Independent,0,0,N,N,NA
F,65+,1,Independent,0,0,N,Y,Twitter
F,25-34,2,Independent,0,0,N,N,NA
M,18-24,1,Democrat,0,0,N,N,NA
M,25-34,3,Independent,0,0,N,N,NA
F,35-44,1,Independent,1,17,N,N,NA
F,55-64,2,Independent,0,0,N,N,NA
F,25-34,1,Democrat,0,0,N,N,NA
M,35-44,2,Democrat,0,0,N,N,NA
M,18-24,2,Democrat,0,0,N,N,NA
M,25-34,1,Other,0,0,N,N,NA
M,45-54,1,Democrat,0,0,N,N,NA
F,18-24,1,Democrat,0,0,N,N,NA
M,45-54,3,Democrat,0,0,N,N,NA
M,35-44,3,Democrat,0,0,N,N,NA
M,18-24,2,Democrat,0,0,N,N,NA
M,25-34,1,Democrat,0,0,N,N,NA
M,18-24,2,Democrat,0,0,N,N,NA
F,55-64,2,Democrat,0,0,N,N,NA
F,35-44,2,Democrat,0,0,N,N,NA
M,65+,2,Other,0,0,N,N,NA
M,65+,2,Democrat,0,0,N,N,NA
F,18-24,2,Independent,0,0,N,N,NA
M,65+,2,Democrat,0,0,N,N,NA
F,45-54,3,Independent,0,0,N,N,NA
F,45-54,1,Independent,0,0,N,N,NA
F,25-34,1,Democrat,0,0,N,N,NA
F,65+,1,Independent,0,0,N,N,NA
F,25-34,2,Democrat,0,0,N,N,NA
M,25-34,1,Other,0,0,N,N,NA
F,18-24,3,Independent,0,0,N,N,NA
M,55-64,3,Other,0,0,N,N,NA
F,18-24,1,Democrat,0,0,N,Y,Email
F,18-24,2,Democrat,0,0,Y,N,NA
F,18-24,2,Democrat,0,0,N,N,NA
F,35-44,3,Independent,0,0,N,Y,Email
M,35-44,1,Democrat,0,0,N,N,NA
M,25-34,3,Democrat,0,0,N,N,NA
M,55-64,1,Democrat,0,0,N,N,NA
M,18-24,2,Democrat,0,0,N,N,NA
F,65+,1,Democrat,1,19,N,N,NA
M,45-54,3,Independent,0,0,N,Y,Email
M,65+,2,Democrat,0,0,N,N,NA
M,65+,3,Democrat,0,0,N,N,NA
F,18-24,1,Democrat,0,0,N,N,NA
M,35-44,1,Democrat,0,0,N,N,NA
M,25-34,3,Independent,0,0,N,N,NA
F,35-44,2,Democrat,0,0,N,N,NA
F,18-24,1,Democrat,0,0,N,N,NA
F,25-34,3,Other,0,0,N,Y,Twitter
M,45-54,3,Other,0,0,N,N,NA
M,18-24,1,Democrat,1,33,N,N,NA
M,55-64,1,Other,0,0,N,N,NA
F,25-34,1,Democrat,0,0,N,N,NA
M,25-34,1,Independent,0,0,N,N,NA
M,65+,2,Democrat,0,0,N,N,NA
F,65+,2,Democrat,0,0,N,N,NA
M,18-24,2,Democrat,0,0,N,N,NA
M,65+,1,Democrat,0,0,N,N,NA
F,25-34,3,Independent,0,0,N,N,NA
M,55-64,3,Democrat,0,0,N,N,NA
F,35-44,1,Democrat,0,0,N,N,NA
M,65+,2,Democrat,0,0,N,N,NA
M,65+,1,Democrat,0,0,N,Y,Email
M,18-24,3,Democrat,1,34,N,N,NA
M,18-24,1,Independent,0,0,N,N,NA
F,25-34,3,Democrat,0,0,N,N,NA
M,45-54,2,Democrat,0,0,N,N,NA
M,18-24,3,Democrat,0,0,N,N,NA
F,18-24,3,Other,0,0,N,N,NA
F,45-54,2,Democrat,0,0,N,N,NA
M,65+,3,Democrat,0,0,N,N,NA
F,18-24,3,Democrat,0,0,N,N,NA
M,25-34,1,Independent,0,0,N,Y,Twitter
F,25-34,3,Democrat,0,0,N,N,NA
M,25-34,2,Democrat,0,0,N,N,NA
M,65+,3,Democrat,0,0,N,N,NA
M,65+,3,Democrat,0,0,N,N,NA
M,45-54,2,Independent,0,0,N,N,NA
F,65+,3,Independent,0,0,N,N,NA
F,18-24,2,Democrat,0,0,N,N,NA
M,18-24,3,Democrat,0,0,N,N,NA
M,18-24,1,Independent,0,0,N,N,NA
F,55-64,2,Democrat,1,26,N,N,NA
F,18-24,1,Independent,0,0,N,N,NA
M,55-64,1,Democrat,0,0,N,N,NA
F,25-34,3,Democrat,0,0,N,N,NA
M,65+,1,Independent,0,0,N,N,NA
M,65+,2,Democrat,0,0,N,N,NA
M,18-24,2,Independent,0,0,N,N,NA
M,45-54,1,Democrat,0,0,N,N,NA
M,65+,3,Other,0,0,N,N,NA
M,18-24,1,Independent,0,0,Y,Y,Email
F,35-44,2,Democrat,0,0,N,N,NA
M,45-54,3,Democrat,0,0,N,N,NA
F,65+,1,Democrat,0,0,N,N,NA
F,35-44,1,Democrat,0,0,N,N,NA
M,65+,2,Democrat,0,0,N,N,NA
F,65+,3,Democrat,0,0,N,N,NA
M,35-44,1,Democrat,0,0,N,N,NA
M,65+,3,Independent,0,0,N,N,NA
F,35-44,1,Independent,0,0,N,N,NA
M,55-64,1,Democrat,1,24,N,N,NA
M,18-24,2,Democrat,0,0,N,N,NA
M,18-24,1,Other,0,0,N,N,NA
M,65+,1,Independent,0,0,N,N,NA
F,45-54,3,Independent,0,0,N,N,NA
M,55-64,2,Democrat,0,0,N,N,NA
F,25-34,2,Democrat,0,0,N,N,NA
M,45-54,1,Democrat,0,0,N,N,NA
F,65+,1,Democrat,0,0,N,N,NA
F,65+,2,Democrat,0,0,N,N,NA
M,18-24,1,Democrat,0,0,N,N,NA
F,45-54,2,Democrat,0,0,N,N,NA
M,35-44,1,Other,0,0,N,N,NA
F,45-54,1,Democrat,0,0,N,N,NA
M,55-64,1,Democrat,0,0,N,N,NA
M,35-44,2,Democrat,0,0,N,N,NA
M,55-64,1,Independent,0,0,N,N,NA
F,18-24,1,Democrat,0,0,N,N,NA
F,18-24,1,Independent,0,0,N,N,NA
F,18-24,3,Other,0,0,N,N,NA
M,25-34,3,Democrat,0,0,N,N,NA
M,18-24,1,Democrat,0,0,N,N,NA
M,25-34,1,Independent,0,0,N,N,NA
F,25-34,1,Democrat,0,0,N,N,NA
F,25-34,2,Democrat,0,0,N,N,NA
F,18-24,3,Democrat,0,0,N,N,NA
M,18-24,2,Democrat,0,0,N,N,NA
M,18-24,3,Democrat,0,0,N,N,NA
M,55-64,1,Independent,0,0,N,Y,Twitter
F,35-44,1,Democrat,0,0,N,N,NA
M,45-54,2,Independent,0,0,N,N,NA
M,45-54,3,Independent,0,0,N,N,NA
F,65+,3,Democrat,1,36,N,N,NA
M,35-44,3,Other,0,0,N,N,NA
F,25-34,2,Democrat,1,23,N,N,NA
M,35-44,1,Independent,0,0,N,N,NA
M,18-24,2,Democrat,0,0,N,N,NA
F,25-34,3,Independent,0,0,N,N,NA
F,65+,3,Democrat,0,0,N,N,NA
F,45-54,1,Democrat,1,22,N,N,NA
M,25-34,1,Democrat,0,0,N,N,NA
F,35-44,2,Democrat,0,0,N,N,NA
M,65+,1,Independent,0,0,N,Y,Email
F,65+,1,Other,0,0,N,N,NA
M,65+,3,Democrat,0,0,N,N,NA
M,65+,2,Democrat,0,0,N,N,NA
F,65+,3,Democrat,0,0,N,N,NA
M,35-44,2,Independent,0,0,N,N,NA
M,25-34,2,Other,0,0,N,N,NA
F,65+,3,Independent,0,0,N,N,NA
M,25-34,3,Democrat,0,0,N,N,NA
M,18-24,3,Democrat,0,0,N,N,NA
F,25-34,1,Democrat,0,0,N,Y,Twitter
F,25-34,3,Democrat,0,0,N,N,NA
M,18-24,2,Democrat,0,0,N,N,NA
M,65+,3,Independent,1,18,N,N,NA
M,25-34,1,Other,0,0,N,N,NA
F,65+,2,Democrat,0,0,N,N,NA
M,18-24,2,Democrat,0,0,N,N,NA
M,18-24,2,Independent,0,0,N,N,NA
F,65+,1,Independent,0,0,N,N,NA
F,25-34,1,Democrat,0,0,N,N,NA
M,35-44,1,Other,0,0,N,N,NA
M,18-24,2,Democrat,0,0,N,N,NA
F,55-64,1,Democrat,0,0,N,N,NA
F,35-44,1,Democrat,0,0,N,N,NA
M,18-24,1,Independent,0,0,N,N,NA
F,45-54,1,Democrat,0,0,N,Y,Twitter
M,55-64,3,Democrat,0,0,N,N,NA
F,35-44,3,Democrat,0,0,N,N,NA
M,55-64,3,Independent,0,0,N,N,NA
F,65+,3,Independent,0,0,N,N,NA
M,25-34,2,Democrat,0,0,N,N,NA
F,65+,3,Independent,0,0,N,N,NA
M,45-54,2,Independent,0,0,N,N,NA
M,25-34,3,Other,0,0,N,N,NA
F,25-34,2,Democrat,0,0,N,N,NA
M,65+,3,Democrat,0,0,N,N,NA
M,55-64,3,Democrat,0,0,N,N,NA
M,65+,2,Other,1,17,N,N,NA
M,25-34,1,Democrat,0,0,N,N,NA
M,65+,1,Democrat,0,0,N,N,NA
F,65+,2,Democrat,0,0,N,N,NA
F,25-34,3,Democrat,0,0,N,Y,Email
M,25-34,1,Independent,0,0,N,N,NA
F,65+,3,Democrat,0,0,N,N,NA
F,35-44,3,Democrat,0,0,N,N,NA
M,18-24,1,Democrat,0,0,Y,N,NA
F,65+,3,Democrat,1,32,N,N,NA
M,45-54,2,Democrat,0,0,N,N,NA
F,18-24,1,Democrat,0,0,N,Y,Email
F,25-34,1,Democrat,0,0,N,N,NA
F,65+,1,Democrat,0,0,N,N,NA
F,25-34,1,Democrat,0,0,N,N,NA
F,25-34,3,Independent,0,0,N,N,NA
F,35-44,3,Democrat,0,0,N,N,NA
M,65+,2,Democrat,0,0,N,N,NA
F,45-54,3,Democrat,0,0,N,N,NA
F,18-24,3,Independent,0,0,N,N,NA
F,25-34,1,Democrat,0,0,N,N,NA
M,25-34,2,Other,0,0,N,N,NA
M,25-34,1,Independent,0,0,N,N,NA
M,18-24,3,Other,0,0,N,Y,Email
F,35-44,2,Independent,0,0,N,N,NA
M,55-64,1,Democrat,0,0,N,N,NA
M,25-34,1,Independent,0,0,N,N,NA
M,25-34,2,Other,0,0,N,N,NA
F,45-54,3,Independent,0,0,N,N,NA
M,25-34,2,Independent,0,0,N,N,NA
M,18-24,3,Other,1,23,N,N,NA
M,55-64,1,Democrat,0,0,N,Y,Email
F,35-44,1,Independent,0,0,N,N,NA
F,25-34,1,Independent,0,0,N,N,NA
F,18-24,1,Democrat,0,0,N,N,NA
M,18-24,3,Democrat,0,0,N,N,NA
M,55-64,1,Other,0,0,N,N,NA
M,25-34,2,Democrat,0,0,N,N,NA
F,65+,2,Independent,0,0,N,N,NA
F,35-44,3,Democrat,0,0,N,N,NA
M,65+,2,Democrat,0,0,N,N,NA
F,55-64,3,Independent,0,0,N,N,NA
M,65+,3,Independent,0,0,N,N,NA
M,18-24,2,Democrat,0,0,N,N,NA
F,65+,1,Democrat,0,0,N,N,NA
M,55-64,3,Democrat,0,0,N,N,NA
M,25-34,3,Democrat,0,0,N,N,NA
F,35-44,1,Democrat,0,0,N,N,NA
M,35-44,3,Democrat,0,0,N,N,NA
F,65+,1,Democrat,0,0,N,N,NA
F,25-34,2,Democrat,0,0,N,N,NA
F,18-24,2,Democrat,0,0,N,N,NA
F,25-34,3,Democrat,0,0,N,N,NA
M,35-44,3,Other,1,31,N,N,NA
F,18-24,2,Independent,0,0,N,N,NA
M,45-54,3,Democrat,0,0,N,N,NA
F,65+,2,Independent,0,0,N,N,NA
M,35-44,2,Democrat,0,0,N,N,NA
M,35-44,3,Independent,0,0,N,N,NA
M,65+,2,Democrat,0,0,N,N,NA
F,25-34,1,Other,0,0,Y,N,NA
M,55-64,2,Independent,0,0,N,N,NA
F,25-34,1,Independent,0,0,N,N,NA
M,65+,2,Independent,0,0,N,N,NA
M,18-24,1,Democrat,1,22,N,N,NA
F,18-24,2,Democrat,0,0,N,N,NA
F,55-64,2,Democrat,0,0,N,N,NA
M,18-24,1,Other,0,0,N,N,NA
F,65+,2,Independent,0,0,N,N,NA
F,25-34,3,Democrat,0,0,N,N,NA
F,55-64,2,Democrat,0,0,N,N,NA
F,18-24,3,Other,0,0,N,N,NA
F,18-24,1,Democrat,0,0,N,N,NA
M,55-64,1,Independent,0,0,N,N,NA
M,18-24,2,Other,0,0,N,N,NA
M,35-44,1,Democrat,0,0,N,N,NA
M,25-34,1,Democrat,0,0,N,N,NA
F,18-24,1,Democrat,0,0,N,N,NA
M,65+,2,Democrat,0,0,N,N,NA
F,65+,1,Democrat,0,0,N,N,NA
M,18-24,3,Democrat,0,0,N,N,NA
M,18-24,3,Independent,0,0,N,N,NA
M,65+,2,Democrat,0,0,N,N,NA
F,35-44,1,Democrat,0,0,N,N,NA
M,18-24,2,Democrat,0,0,N,N,NA
M,18-24,2,Other,0,0,N,N,NA
F,55-64,3,Democrat,0,0,N,N,NA
M,25-34,3,Democrat,0,0,N,N,NA
M,55-64,2,Independent,0,0,N,N,NA
M,25-34,2,Independent,0,0,N,Y,Email
M,18-24,1,Other,0,0,N,N,NA
M,55-64,3,Democrat,0,0,N,N,NA
M,18-24,1,Other,0,0,N,N,NA
M,25-34,3,Democrat,0,0,N,N,NA
M,25-34,3,Other,1,34,N,Y,Email
F,35-44,3,Democrat,0,0,N,N,NA
F,55-64,3,Democrat,0,0,N,N,NA
F,18-24,2,Democrat,0,0,N,N,NA
M,65+,3,Democrat,0,0,N,N,NA
F,18-24,3,Independent,0,0,N,Y,Twitter
F,35-44,2,Other,1,23,N,N,NA
F,25-34,3,Independent,0,0,N,N,NA
M,55-64,2,Other,0,0,N,N,NA
F,25-34,1,Democrat,0,0,N,N,NA
F,65+,3,Independent,0,0,N,N,NA
F,25-34,2,Democrat,0,0,N,N,NA
F,35-44,3,Democrat,0,0,N,Y,Email
M,25-34,3,Independent,0,0,Y,N,NA
M,65+,3,Democrat,0,0,N,Y,Twitter
F,65+,2,Democrat,0,0,N,N,NA
M,45-54,2,Democrat,0,0,N,Y,Email
M,25-34,2,Democrat,0,0,N,N,NA
F,65+,3,Democrat,0,0,N,N,NA
F,45-54,3,Democrat,0,0,N,N,NA
F,55-64,3,Democrat,0,0,N,N,NA
M,25-34,2,Democrat,0,0,N,N,NA
F,18-24,1,Democrat,0,0,N,N,NA
F,18-24,1,Democrat,0,0,N,N,NA
M,18-24,1,Democrat,0,0,N,N,NA
M,55-64,2,Other,0,0,N,N,NA
F,55-64,1,Democrat,0,0,N,Y,Twitter
F,18-24,3,Democrat,1,44,N,N,NA
F,65+,3,Independent,0,0,N,N,NA
M,45-54,2,Democrat,0,0,N,N,NA
M,25-34,2,Independent,0,0,N,Y,Email
M,45-54,1,Democrat,0,0,N,N,NA
F,25-34,3,Other,0,0,N,N,NA
M,25-34,1,Democrat,0,0,N,N,NA
F,25-34,2,Democrat,0,0,N,N,NA
M,18-24,1,Independent,0,0,N,N,NA
F,65+,2,Other,0,0,N,N,NA
F,35-44,3,Democrat,0,0,N,N,NA
M,45-54,3,Independent,0,0,N,N,NA
F,35-44,2,Democrat,0,0,N,N,NA
F,45-54,2,Democrat,0,0,N,N,NA
M,25-34,3,Independent,0,0,N,N,NA
F,65+,3,Democrat,1,40,N,N,NA
F,35-44,1,Other,0,0,N,N,NA
M,18-24,3,Other,0,0,N,N,NA
F,45-54,3,Democrat,0,0,N,N,NA
F,65+,2,Independent,0,0,N,N,NA
F,65+,2,Independent,1,20,N,N,NA
F,35-44,1,Democrat,0,0,N,N,NA
F,18-24,3,Democrat,1,43,N,N,NA
F,65+,3,Independent,0,0,N,N,NA
M,55-64,3,Other,0,0,N,N,NA
M,25-34,3,Democrat,0,0,N,N,NA
M,65+,2,Independent,0,0,N,N,NA
M,55-64,3,Democrat,0,0,N,N,NA
M,35-44,2,Independent,0,0,N,N,NA
F,35-44,2,Democrat,0,0,N,N,NA
F,35-44,3,Democrat,0,0,N,N,NA
F,25-34,1,Independent,0,0,N,N,NA
F,45-54,3,Other,0,0,N,N,NA
F,45-54,2,Other,0,0,N,N,NA
M,25-34,2,Democrat,0,0,N,N,NA
M,65+,3,Democrat,0,0,N,N,NA
M,65+,3,Democrat,0,0,N,N,NA
F,65+,3,Democrat,0,0,N,N,NA
M,18-24,2,Democrat,0,0,N,N,NA
M,65+,2,Democrat,0,0,Y,N,NA
M,55-64,3,Democrat,0,0,N,N,NA
M,65+,1,Democrat,0,0,N,N,NA
F,25-34,1,Democrat,0,0,N,N,NA
F,25-34,1,Democrat,0,0,N,N,NA
M,18-24,1,Independent,0,0,N,N,NA
F,35-44,1,Democrat,0,0,N,N,NA
F,65+,1,Democrat,0,0,N,N,NA
M,25-34,1,Independent,0,0,N,N,NA
F,55-64,3,Independent,0,0,N,N,NA
F,25-34,2,Democrat,0,0,N,N,NA
F,65+,1,Independent,0,0,N,N,NA
M,65+,2,Other,0,0,N,N,NA
M,65+,1,Democrat,0,0,N,N,NA
F,18-24,2,Other,0,0,N,N,NA
F,65+,1,Democrat,1,18,N,N,NA
F,55-64,3,Other,0,0,N,N,NA
M,65+,1,Democrat,0,0,N,N,NA
M,65+,3,Independent,0,0,N,N,NA
M,55-64,1,Other,0,0,N,N,NA
F,25-34,3,Democrat,0,0,N,N,NA
F,18-24,3,Other,0,0,N,N,NA
F,65+,2,Democrat,0,0,N,Y,Email
F,65+,1,Democrat,0,0,N,N,NA
M,25-34,1,Independent,0,0,N,N,NA
F,55-64,3,Democrat,0,0,N,N,NA
M,18-24,1,Democrat,0,0,N,N,NA
M,18-24,2,Democrat,0,0,N,N,NA
M,65+,2,Democrat,0,0,N,N,NA
M,65+,3,Democrat,0,0,N,N,NA
F,18-24,3,Democrat,0,0,N,N,NA
M,18-24,3,Independent,0,0,N,N,NA
M,25-34,1,Democrat,0,0,N,N,NA
F,65+,2,Independent,0,0,N,N,NA
F,25-34,1,Democrat,0,0,N,N,NA
F,45-54,3,Democrat,0,0,N,N,NA
F,25-34,1,Independent,1,20,N,N,NA
M,65+,2,Other,0,0,N,N,NA
F,65+,1,Other,0,0,N,N,NA
F,18-24,3,Democrat,0,0,N,N,NA
M,65+,1,Independent,0,0,N,N,NA
M,18-24,3,Democrat,0,0,N,N,NA
M,65+,2,Independent,0,0,N,N,NA
M,55-64,1,Democrat,0,0,N,N,NA
M,65+,1,Democrat,0,0,N,N,NA
F,55-64,3,Democrat,0,0,N,N,NA
F,18-24,3,Independent,0,0,N,N,NA
M,65+,2,Democrat,0,0,N,N,NA
F,18-24,1,Independent,0,0,N,N,NA
M,25-34,3,Democrat,0,0,N,N,NA
F,35-44,1,Democrat,0,0,N,N,NA
F,55-64,1,Independent,0,0,N,N,NA
F,65+,1,Independent,0,0,N,N,NA
M,18-24,3,Democrat,0,0,N,Y,Twitter
M,65+,3,Democrat,0,0,N,N,NA
F,35-44,3,Independent,0,0,N,N,NA
M,55-64,1,Other,0,0,N,N,NA
M,18-24,3,Democrat,0,0,N,N,NA
M,18-24,2,Other,0,0,N,N,NA
M,35-44,3,Other,1,30,N,N,NA
F,35-44,2,Democrat,0,0,N,N,NA
F,35-44,2,Democrat,1,29,N,N,NA
F,45-54,2,Democrat,0,0,N,N,NA
M,18-24,2,Democrat,0,0,N,N,NA
F,55-64,1,Democrat,0,0,N,Y,Email
F,55-64,3,Other,0,0,N,N,NA
M,65+,1,Democrat,1,16,N,N,NA
M,25-34,3,Democrat,1,38,N,N,NA
F,25-34,3,Democrat,0,0,N,N,NA
M,35-44,3,Democrat,0,0,N,N,NA
M,18-24,1,Democrat,0,0,N,N,NA
F,18-24,1,Democrat,1,22,N,N,NA
F,25-34,2,Other,0,0,N,N,NA
F,35-44,2,Other,0,0,N,N,NA
M,18-24,2,Independent,0,0,N,N,NA
F,45-54,1,Democrat,0,0,N,N,NA
M,18-24,3,Democrat,0,0,N,N,NA
F,65+,3,Democrat,0,0,N,N,NA
F,65+,3,Independent,0,0,N,N,NA
F,25-34,2,Democrat,0,0,N,N,NA
F,55-64,3,Democrat,0,0,N,N,NA
F,55-64,3,Democrat,0,0,N,N,NA
M,25-34,3,Democrat,0,0,N,N,NA
F,25-34,3,Democrat,0,0,N,N,NA
F,65+,3,Democrat,0,0,N,N,NA
M,18-24,2,Democrat,0,0,N,N,NA
F,25-34,2,Democrat,0,0,N,Y,Twitter
M,45-54,3,Democrat,0,0,N,N,NA
F,45-54,1,Democrat,1,15,N,N,NA
F,25-34,3,Democrat,0,0,N,Y,Twitter
M,18-24,2,Democrat,0,0,N,N,NA
M,18-24,2,Democrat,0,0,N,N,NA
F,18-24,1,Independent,0,0,N,N,NA
F,65+,1,Independent,0,0,N,N,NA
M,65+,1,Democrat,0,0,N,N,NA
F,35-44,3,Democrat,0,0,N,N,NA
M,35-44,1,Democrat,0,0,N,N,NA
F,65+,3,Democrat,0,0,N,N,NA
M,55-64,3,Democrat,0,0,N,N,NA
F,65+,1,Democrat,0,0,N,N,NA
F,45-54,2,Independent,1,18,N,N,NA
F,35-44,1,Democrat,0,0,N,N,NA
F,65+,1,Independent,0,0,N,N,NA
M,25-34,2,Democrat,0,0,N,N,NA
M,25-34,1,Independent,0,0,N,N,NA
M,55-64,2,Democrat,0,0,N,N,NA
M,65+,2,Democrat,0,0,N,N,NA
M,45-54,1,Democrat,0,0,N,N,NA
F,18-24,2,Democrat,1,16,N,N,NA
M,65+,2,Democrat,0,0,N,N,NA
F,55-64,1,Independent,0,0,N,N,NA
M,65+,2,Independent,0,0,N,N,NA
M,18-24,3,Democrat,0,0,N,N,NA
F,65+,3,Democrat,0,0,N,N,NA
F,65+,3,Democrat,0,0,N,Y,Email
M,35-44,2,Democrat,1,12,N,N,NA
F,35-44,3,Democrat,0,0,N,Y,Twitter
F,65+,2,Independent,0,0,N,N,NA
F,25-34,3,Democrat,0,0,N,N,NA
M,55-64,2,Democrat,0,0,N,N,NA
M,65+,2,Independent,0,0,N,N,NA
F,65+,3,Independent,0,0,N,N,NA
F,18-24,2,Democrat,0,0,N,Y,Twitter
F,18-24,2,Democrat,0,0,N,N,NA
F,65+,1,Other,0,0,N,N,NA
F,18-24,1,Other,0,0,N,N,NA
F,25-34,1,Democrat,0,0,N,N,NA
F,65+,2,Democrat,0,0,N,N,NA
F,55-64,1,Democrat,0,0,N,N,NA
F,65+,1,Independent,0,0,N,N,NA
M,35-44,1,Democrat,0,0,N,N,NA
F,18-24,2,Democrat,0,0,N,N,NA
M,55-64,1,Independent,0,0,N,N,NA
M,35-44,3,Democrat,0,0,N,N,NA
M,18-24,1,Other,0,0,N,N,NA
M,65+,1,Independent,0,0,N,N,NA
F,25-34,1,Democrat,0,0,N,N,NA
F,35-44,1,Independent,0,0,N,N,NA
M,25-34,2,Independent,0,0,N,N,NA
M,25-34,2,Democrat,0,0,N,N,NA
F,25-34,2,Independent,0,0,N,N,NA
F,25-34,1,Democrat,0,0,N,N,NA
M,18-24,1,Democrat,0,0,Y,N,NA
F,18-24,2,Independent,0,0,N,N,NA
F,65+,2,Other,0,0,N,N,NA
F,18-24,1,Democrat,0,0,N,N,NA
F,18-24,3,Democrat,0,0,N,N,NA
F,55-64,1,Democrat,1,26,N,N,NA
M,55-64,1,Independent,0,0,N,N,NA
M,18-24,1,Independent,0,0,N,N,NA
M,35-44,2,Democrat,0,0,N,N,NA
M,65+,1,Democrat,0,0,N,N,NA
F,65+,1,Democrat,1,22,N,N,NA
M,18-24,2,Independent,0,0,N,N,NA
F,25-34,1,Democrat,0,0,N,N,NA
M,25-34,1,Democrat,0,0,N,N,NA
F,55-64,1,Democrat,0,0,N,Y,Email
M,65+,2,Democrat,1,17,N,N,NA
M,25-34,1,Democrat,0,0,N,N,NA
M,35-44,2,Independent,0,0,N,Y,Email
F,35-44,3,Democrat,0,0,Y,N,NA
M,25-34,1,Democrat,0,0,N,N,NA
M,65+,2,Other,0,0,N,N,NA
F,25-34,1,Democrat,0,0,N,N,NA
M,25-34,3,Democrat,0,0,N,N,NA
F,65+,3,Other,0,0,N,Y,Email
F,25-34,1,Democrat,0,0,Y,N,NA
F,18-24,3,Democrat,0,0,N,N,NA
M,45-54,1,Democrat,0,0,N,N,NA
F,18-24,1,Democrat,0,0,N,N,NA
F,18-24,1,Democrat,0,0,N,N,NA
M,55-64,1,Democrat,0,0,N,N,NA
M,55-64,3,Democrat,0,0,N,N,NA
M,65+,1,Democrat,0,0,N,N,NA
M,55-64,3,Democrat,0,0,N,N,NA
M,35-44,2,Other,0,0,N,N,NA
M,65+,1,Democrat,0,0,N,N,NA
M,65+,2,Democrat,0,0,N,N,NA
F,25-34,3,Democrat,0,0,N,N,NA
F,18-24,3,Other,0,0,N,N,NA
F,18-24,3,Democrat,0,0,N,N,NA
M,25-34,1,Democrat,0,0,N,N,NA
M,18-24,2,Democrat,0,0,N,N,NA
M,18-24,1,Democrat,0,0,N,N,NA
F,25-34,3,Democrat,0,0,N,Y,Email
M,35-44,3,Other,0,0,N,N,NA
F,25-34,2,Democrat,0,0,N,Y,Email
F,55-64,1,Democrat,0,0,N,N,NA
F,65+,1,Democrat,0,0,N,N,NA
M,35-44,3,Democrat,0,0,N,N,NA
M,35-44,1,Democrat,0,0,N,N,NA
M,35-44,1,Democrat,0,0,N,N,NA
F,45-54,1,Independent,0,0,N,N,NA
M,65+,2,Independent,0,0,N,N,NA
M,65+,1,Democrat,0,0,N,N,NA
M,18-24,2,Independent,0,0,N,N,NA
F,65+,1,Other,0,0,N,N,NA
F,65+,2,Democrat,0,0,N,N,NA
F,65+,1,Democrat,0,0,N,N,NA
M,55-64,2,Democrat,0,0,Y,N,NA
F,25-34,2,Democrat,0,0,N,N,NA
F,35-44,1,Democrat,0,0,N,N,NA
M,65+,2,Democrat,0,0,N,N,NA
M,45-54,3,Independent,0,0,N,N,NA
F,65+,2,Democrat,0,0,N,N,NA
F,65+,1,Other,0,0,N,N,NA
F,25-34,3,Democrat,0,0,N,N,NA
F,25-34,1,Democrat,1,16,N,N,NA
M,25-34,2,Democrat,0,0,Y,N,NA
M,35-44,2,Other,0,0,N,N,NA
F,65+,2,Democrat,0,0,N,N,NA
M,45-54,2,Democrat,1,16,N,N,NA
F,65+,1,Democrat,0,0,N,N,NA
M,18-24,2,Independent,0,0,N,Y,Email
F,65+,2,Democrat,0,0,N,N,NA
M,45-54,2,Democrat,0,0,N,N,NA
F,65+,3,Democrat,0,0,N,N,NA
M,25-34,2,Independent,0,0,N,N,NA
M,18-24,1,Independent,0,0,N,N,NA
M,65+,2,Democrat,0,0,N,N,NA
F,65+,2,Independent,0,0,N,N,NA
F,18-24,1,Democrat,0,0,Y,N,NA
F,65+,3,Independent,0,0,N,N,NA
F,45-54,3,Other,0,0,N,N,NA
F,55-64,2,Independent,0,0,N,N,NA
F,18-24,2,Democrat,0,0,N,N,NA
M,55-64,2,Democrat,0,0,N,N,NA
M,65+,2,Democrat,0,0,N,N,NA
M,25-34,2,Democrat,0,0,N,N,NA
F,18-24,1,Other,0,0,N,N,NA
F,65+,2,Democrat,0,0,N,N,NA
M,65+,3,Independent,1,15,N,Y,Email
M,65+,1,Democrat,0,0,N,Y,Email
F,18-24,1,Independent,0,0,N,N,NA
M,18-24,1,Democrat,0,0,N,N,NA
M,35-44,3,Democrat,0,0,N,N,NA
M,55-64,3,Other,0,0,N,N,NA
F,25-34,2,Other,0,0,N,N,NA
M,65+,1,Democrat,0,0,N,N,NA
M,18-24,2,Democrat,0,0,N,N,NA
M,35-44,3,Independent,1,28,N,N,NA
M,25-34,1,Democrat,0,0,N,N,NA
M,18-24,2,Independent,0,0,Y,N,NA
F,55-64,2,Democrat,0,0,N,N,NA
F,18-24,2,Democrat,0,0,N,N,NA
F,25-34,3,Democrat,0,0,N,N,NA
F,55-64,2,Democrat,0,0,N,N,NA
M,35-44,1,Independent,0,0,Y,N,NA
F,18-24,2,Independent,0,0,N,N,NA
M,65+,1,Democrat,0,0,N,Y,Email
F,18-24,2,Independent,0,0,N,N,NA
M,25-34,3,Independent,0,0,N,N,NA
F,45-54,3,Democrat,0,0,N,N,NA
M,18-24,1,Democrat,0,0,N,N,NA
M,18-24,3,Democrat,0,0,N,N,NA
F,35-44,2,Democrat,0,0,N,N,NA
M,25-34,1,Democrat,0,0,N,N,NA
F,25-34,1,Independent,0,0,N,N,NA
F,45-54,3,Independent,0,0,N,N,NA
F,35-44,3,Other,0,0,N,N,NA
F,25-34,1,Other,0,0,N,N,NA
M,18-24,1,Democrat,0,0,N,N,NA
F,65+,2,Democrat,0,0,N,N,NA
F,25-34,2,Independent,0,0,N,N,NA
M,18-24,1,Democrat,0,0,N,N,NA
F,25-34,2,Democrat,0,0,N,Y,Email
M,25-34,1,Democrat,0,0,N,N,NA
M,25-34,3,Democrat,0,0,N,N,NA
M,18-24,3,Other,0,0,N,N,NA
F,65+,1,Democrat,0,0,N,N,NA
F,18-24,3,Democrat,0,0,N,N,NA
F,65+,2,Other,0,0,N,N,NA
M,25-34,3,Democrat,0,0,N,Y,Twitter
F,65+,3,Democrat,0,0,N,N,NA
M,18-24,1,Democrat,0,0,N,N,NA
M,45-54,2,Democrat,0,0,N,N,NA
M,18-24,3,Independent,0,0,N,N,NA
F,35-44,2,Independent,0,0,N,Y,Email
M,25-34,3,Democrat,1,42,N,N,NA
F,65+,1,Democrat,0,0,N,N,NA
F,35-44,3,Democrat,0,0,N,N,NA
M,35-44,1,Democrat,0,0,N,N,NA
F,65+,2,Democrat,0,0,N,N,NA
F,65+,2,Democrat,0,0,N,N,NA
F,18-24,3,Democrat,0,0,N,N,NA
F,65+,1,Independent,0,0,N,N,NA
M,25-34,1,Democrat,1,22,N,N,NA
F,65+,1,Democrat,0,0,N,N,NA
M,55-64,1,Democrat,0,0,N,N,NA
F,65+,3,Democrat,0,0,N,N,NA
F,25-34,2,Democrat,0,0,N,N,NA
F,65+,1,Democrat,0,0,N,N,NA
M,65+,3,Independent,0,0,N,N,NA
M,35-44,2,Independent,0,0,N,N,NA
M,65+,3,Democrat,0,0,N,N,NA
M,65+,2,Independent,0,0,N,N,NA
F,65+,2,Democrat,0,0,N,Y,Twitter
M,55-64,2,Democrat,0,0,N,N,NA
M,18-24,3,Independent,0,0,N,N,NA
M,35-44,3,Independent,0,0,N,N,NA
M,25-34,2,Democrat,1,17,Y,N,NA
M,25-34,3,Democrat,0,0,N,Y,Email
F,65+,2,Democrat,0,0,N,N,NA
M,65+,2,Independent,0,0,N,N,NA
F,45-54,1,Democrat,0,0,N,N,NA
F,25-34,2,Democrat,0,0,N,N,NA
F,65+,2,Democrat,0,0,N,N,NA
F,25-34,1,Democrat,0,0,N,N,NA
M,55-64,2,Other,0,0,N,N,NA
F,55-64,1,Democrat,0,0,N,N,NA
F,65+,2,Democrat,0,0,N,N,NA
F,45-54,3,Democrat,0,0,N,N,NA
M,25-34,3,Democrat,0,0,N,N,NA
F,55-64,1,Democrat,0,0,N,N,NA
F,25-34,2,Other,1,27,N,N,NA
M,65+,2,Democrat,0,0,N,N,NA
M,25-34,3,Democrat,0,0,N,N,NA
M,18-24,3,Other,0,0,N,N,NA
F,25-34,1,Democrat,0,0,N,N,NA
F,65+,1,Democrat,0,0,N,N,NA
F,65+,3,Independent,0,0,N,N,NA
M,18-24,2,Independent,0,0,N,N,NA
F,55-64,2,Democrat,0,0,N,N,NA
F,25-34,2,Other,0,0,N,N,NA
M,65+,2,Democrat,0,0,N,N,NA
M,25-34,3,Other,0,0,N,N,NA
F,55-64,2,Other,0,0,N,N,NA
F,25-34,1,Democrat,0,0,N,N,NA
F,65+,3,Democrat,0,0,N,N,NA
F,55-64,2,Democrat,0,0,N,N,NA
F,18-24,2,Independent,0,0,N,N,NA
M,65+,1,Other,0,0,N,N,NA
M,18-24,2,Democrat,0,0,N,N,NA
M,25-34,1,Democrat,0,0,N,N,NA
F,18-24,2,Democrat,0,0,N,N,NA
M,18-24,1,Independent,0,0,N,N,NA
F,65+,2,Independent,0,0,N,N,NA
F,55-64,3,Democrat,0,0,N,N,NA
F,55-64,3,Democrat,0,0,N,N,NA
M,18-24,3,Independent,0,0,N,N,NA
M,45-54,1,Democrat,0,0,N,N,NA
M,18-24,3,Independent,0,0,N,N,NA
F,65+,1,Democrat,0,0,N,N,NA
F,55-64,1,Democrat,0,0,Y,N,NA
F,18-24,1,Democrat,0,0,N,N,NA
M,25-34,2,Democrat,0,0,N,N,NA
F,18-24,1,Democrat,0,0,N,Y,Email
M,45-54,2,Democrat,0,0,N,N,NA
M,65+,1,Democrat,1,24,N,N,NA
M,35-44,3,Democrat,0,0,N,N,NA
M,18-24,1,Democrat,0,0,N,N,NA
M,25-34,3,Democrat,0,0,N,N,NA
M,18-24,2,Democrat,0,0,N,Y,Email
M,18-24,3,Democrat,0,0,N,N,NA
F,35-44,1,Democrat,0,0,N,N,NA
M,55-64,1,Independent,0,0,N,N,NA
M,18-24,2,Independent,0,0,N,N,NA
M,65+,1,Other,0,0,N,N,NA
M,65+,2,Democrat,0,0,N,N,NA
F,18-24,3,Democrat,0,0,N,N,NA
M,18-24,1,Independent,0,0,N,N,NA
M,25-34,3,Democrat,1,44,N,N,NA
F,18-24,1,Democrat,0,0,N,N,NA
M,18-24,3,Other,0,0,N,N,NA
F,45-54,1,Democrat,0,0,N,N,NA
M,25-34,2,Democrat,0,0,N,N,NA
F,25-34,1,Other,0,0,N,N,NA
F,25-34,3,Independent,0,0,N,N,NA
M,25-34,2,Other,0,0,N,N,NA
M,55-64,1,Democrat,1,16,N,N,NA
F,25-34,2,Democrat,1,24,N,N,NA
F,45-54,3,Independent,0,0,N,N,NA
F,65+,2,Democrat,0,0,N,Y,Email
F,45-54,1,Democrat,0,0,N,N,NA
F,35-44,3,Democrat,0,0,N,N,NA
F,55-64,2,Independent,0,0,N,N,NA
M,65+,2,Independent,0,0,N,N,NA
M,18-24,1,Democrat,0,0,N,N,NA
F,65+,3,Democrat,0,0,N,N,NA
M,35-44,3,Democrat,0,0,N,N,NA
M,18-24,3,Other,0,0,N,Y,Twitter
M,35-44,3,Democrat,0,0,N,N,NA
M,35-44,3,Independent,0,0,N,N,NA
M,25-34,2,Democrat,0,0,N,N,NA
M,65+,3,Independent,0,0,N,N,NA
F,25-34,3,Democrat,0,0,N,N,NA
F,18-24,1,Democrat,0,0,N,N,NA
M,65+,1,Democrat,0,0,Y,N,NA
M,65+,2,Democrat,0,0,N,N,NA
F,65+,3,Democrat,0,0,N,N,NA
F,65+,1,Democrat,0,0,N,N,NA
M,18-24,2,Democrat,0,0,N,N,NA
M,25-34,3,Democrat,0,0,N,N,NA
M,18-24,1,Independent,0,0,N,N,NA
M,18-24,2,Other,0,0,N,N,NA
M,18-24,3,Democrat,0,0,N,N,NA
F,18-24,2,Democrat,0,0,N,N,NA
M,55-64,3,Other,0,0,N,N,NA
M,65+,3,Independent,0,0,N,N,NA
M,35-44,1,Democrat,0,0,N,N,NA
M,18-24,2,Democrat,0,0,N,N,NA
F,45-54,3,Democrat,1,45,N,N,NA
F,55-64,2,Democrat,0,0,N,N,NA
F,35-44,1,Democrat,0,0,N,N,NA
M,35-44,2,Democrat,0,0,N,Y,Twitter
M,18-24,2,Democrat,0,0,N,Y,Email
F,18-24,1,Democrat,0,0,N,N,NA
F,65+,1,Democrat,0,0,N,Y,Twitter
F,18-24,2,Independent,0,0,N,N,NA
F,45-54,3,Democrat,0,0,N,N,NA
M,65+,3,Democrat,0,0,N,N,NA
F,65+,2,Independent,0,0,N,N,NA
F,25-34,3,Independent,0,0,N,N,NA
F,18-24,2,Independent,0,0,N,N,NA
F,35-44,1,Democrat,0,0,N,N,NA
M,45-54,2,Democrat,0,0,N,Y,Email
F,65+,2,Other,0,0,N,N,NA
M,25-34,2,Democrat,0,0,N,N,NA
F,55-64,1,Democrat,0,0,N,Y,Email
F,18-24,3,Other,0,0,N,N,NA
F,55-64,1,Democrat,0,0,N,N,NA
F,55-64,3,Democrat,0,0,N,N,NA
M,65+,3,Democrat,0,0,N,N,NA
M,65+,2,Other,0,0,N,N,NA
M,45-54,3,Democrat,1,36,N,N,NA
F,35-44,1,Other,0,0,N,N,NA
F,55-64,2,Democrat,0,0,N,N,NA
M,65+,3,Independent,0,0,N,N,NA
F,55-64,1,Democrat,0,0,N,N,NA
M,25-34,1,Other,0,0,N,N,NA
F,35-44,3,Democrat,0,0,N,N,NA
M,45-54,2,Democrat,0,0,N,N,NA
M,45-54,1,Democrat,0,0,N,N,NA
F,65+,3,Democrat,0,0,N,N,NA
F,18-24,1,Independent,0,0,N,N,NA
M,65+,3,Independent,0,0,N,N,NA
M,45-54,2,Democrat,0,0,N,N,NA
M,18-24,2,Democrat,0,0,N,N,NA
F,35-44,3,Democrat,0,0,N,N,NA
F,35-44,1,Democrat,0,0,N,N,NA
F,55-64,1,Independent,0,0,Y,N,NA
F,65+,1,Democrat,0,0,N,N,NA
M,25-34,1,Democrat,0,0,N,Y,Email
F,65+,1,Democrat,0,0,N,N,NA
F,55-64,1,Democrat,0,0,N,N,NA
F,65+,1,Democrat,0,0,N,N,NA
F,65+,2,Democrat,0,0,N,N,NA
F,65+,1,Democrat,0,0,N,N,NA
F,65+,1,Democrat,0,0,N,N,NA
M,45-54,3,Democrat,0,0,N,N,NA
F,18-24,2,Independent,0,0,N,N,NA
M,65+,1,Democrat,0,0,N,N,NA
F,35-44,2,Democrat,0,0,N,N,NA
M,25-34,3,Democrat,0,0,N,N,NA
M,65+,3,Democrat,0,0,N,N,NA
F,65+,3,Democrat,0,0,N,N,NA
M,65+,3,Democrat,0,0,N,N,NA
M,65+,3,Democrat,0,0,N,N,NA
F,25-34,3,Democrat,0,0,N,N,NA
F,25-34,3,Independent,0,0,N,Y,Email
M,65+,3,Independent,0,0,N,N,NA
F,35-44,3,Independent,0,0,Y,N,NA
F,55-64,1,Democrat,0,0,N,N,NA
F,18-24,1,Democrat,0,0,N,Y,Email
F,45-54,1,Other,0,0,N,N,NA
M,25-34,1,Independent,0,0,N,N,NA
F,65+,1,Democrat,0,0,N,N,NA
F,65+,3,Democrat,0,0,N,N,NA
F,55-64,3,Democrat,0,0,N,N,NA
M,35-44,3,Democrat,0,0,N,Y,Email
M,18-24,1,Democrat,0,0,N,Y,Twitter
M,65+,3,Democrat,0,0,N,N,NA
F,25-34,3,Democrat,0,0,N,N,NA
F,55-64,3,Democrat,0,0,N,N,NA
F,25-34,2,Democrat,0,0,N,N,NA
F,18-24,2,Democrat,0,0,N,N,NA
M,18-24,1,Independent,0,0,N,N,NA
M,65+,2,Democrat,1,25,N,N,NA
M,18-24,2,Other,0,0,N,N,NA
M,65+,2,Independent,0,0,N,N,NA
M,25-34,1,Democrat,0,0,N,N,NA
F,25-34,1,Independent,0,0,N,N,NA
F,18-24,2,Independent,0,0,N,N,NA
F,55-64,1,Democrat,0,0,N,N,NA
M,45-54,1,Democrat,0,0,N,N,NA
F,25-34,3,Democrat,0,0,N,N,NA
F,35-44,1,Democrat,0,0,N,N,NA
M,35-44,1,Other,0,0,N,Y,Email
M,35-44,3,Independent,0,0,N,N,NA
F,55-64,2,Democrat,0,0,N,N,NA
F,65+,1,Democrat,0,0,N,N,NA
F,25-34,1,Democrat,0,0,N,N,NA
F,25-34,3,Independent,0,0,N,N,NA
M,25-34,3,Democrat,1,22,N,N,NA
F,65+,3,Democrat,0,0,N,N,NA
F,18-24,2,Independent,0,0,N,N,NA
F,25-34,2,Independent,0,0,N,N,NA
M,25-34,1,Democrat,0,0,N,N,NA
M,18-24,3,Democrat,0,0,N,Y,Email
M,65+,2,Independent,0,0,N,Y,Email
F,65+,2,Democrat,0,0,N,N,NA
M,55-64,2,Democrat,0,0,N,N,NA
M,25-34,1,Democrat,0,0,N,N,NA
F,18-24,3,Democrat,0,0,N,N,NA
M,25-34,1,Democrat,0,0,N,N,NA
F,65+,1,Democrat,0,0,N,N,NA
M,35-44,3,Democrat,0,0,N,N,NA
F,65+,2,Democrat,0,0,N,N,NA
M,18-24,3,Democrat,0,0,N,N,NA
M,35-44,1,Democrat,0,0,N,N,NA
F,35-44,3,Democrat,0,0,N,N,NA
F,25-34,2,Democrat,1,16,N,N,NA
M,65+,2,Democrat,0,0,N,N,NA
M,65+,1,Independent,0,0,N,N,NA
F,25-34,1,Independent,0,0,N,N,NA
F,18-24,2,Democrat,0,0,N,N,NA
M,55-64,2,Democrat,0,0,N,N,NA
M,18-24,1,Democrat,0,0,N,N,NA
M,35-44,3,Independent,0,0,N,N,NA
F,25-34,2,Independent,0,0,N,N,NA
F,65+,2,Democrat,0,0,N,Y,Email
M,35-44,1,Democrat,0,0,N,N,NA
M,18-24,3,Democrat,0,0,Y,N,NA
M,18-24,3,Other,0,0,N,N,NA
M,45-54,2,Democrat,0,0,N,N,NA
F,18-24,2,Independent,0,0,N,N,NA
F,55-64,2,Democrat,1,23,N,N,NA
F,35-44,2,Democrat,0,0,N,N,NA
M,18-24,1,Democrat,0,0,N,N,NA
F,25-34,3,Democrat,0,0,N,N,NA
F,65+,1,Other,0,0,N,N,NA
F,18-24,3,Democrat,0,0,N,N,NA
F,18-24,3,Democrat,0,0,N,N,NA
F,65+,3,Democrat,0,0,N,N,NA
M,25-34,3,Democrat,0,0,N,Y,Email
M,35-44,3,Democrat,0,0,N,Y,Email
M,55-64,2,Democrat,0,0,N,N,NA
M,55-64,1,Independent,0,0,N,N,NA
M,25-34,1,Democrat,0,0,N,N,NA
F,65+,2,Other,0,0,N,N,NA
M,18-24,1,Democrat,0,0,N,N,NA
M,18-24,1,Independent,0,0,N,N,NA
M,25-34,1,Democrat,0,0,N,N,NA
F,18-24,3,Democrat,1,46,N,N,NA
M,35-44,3,Independent,0,0,N,N,NA
M,55-64,3,Democrat,0,0,N,N,NA
M,18-24,1,Democrat,0,0,N,N,NA
M,18-24,2,Democrat,0,0,N,N,NA
F,45-54,1,Democrat,0,0,N,N,NA
F,25-34,2,Democrat,0,0,N,N,NA
M,25-34,3,Other,0,0,N,N,NA
M,65+,3,Democrat,1,37,N,N,NA
M,18-24,1,Democrat,0,0,N,N,NA
F,65+,1,Independent,0,0,N,N,NA
M,35-44,3,Democrat,0,0,N,N,NA
F,18-24,2,Democrat,1,25,N,N,NA
F,18-24,2,Independent,0,0,N,N,NA
F,65+,1,Other,0,0,N,N,NA
M,55-64,2,Democrat,0,0,N,N,NA
M,65+,3,Democrat,1,34,N,N,NA
F,25-34,1,Democrat,0,0,Y,N,NA
F,55-64,1,Independent,0,0,N,N,NA
M,55-64,1,Democrat,0,0,N,N,NA
F,25-34,3,Independent,0,0,N,N,NA
M,65+,3,Democrat,0,0,N,N,NA
F,55-64,1,Independent,0,0,N,N,NA
F,35-44,1,Democrat,1,26,N,N,NA
F,25-34,3,Other,0,0,N,N,NA
M,18-24,3,Democrat,0,0,N,N,NA
M,35-44,2,Democrat,0,0,N,N,NA
M,55-64,1,Independent,0,0,N,Y,Email
M,65+,2,Democrat,0,0,N,N,NA
F,35-44,2,Democrat,0,0,N,N,NA
M,35-44,1,Democrat,1,28,Y,N,NA
F,18-24,2,Independent,0,0,N,N,NA
M,35-44,1,Democrat,0,0,N,N,NA
M,35-44,3,Democrat,0,0,N,N,NA
M,18-24,3,Democrat,0,0,N,N,NA
F,18-24,2,Democrat,0,0,N,N,NA
M,18-24,1,Other,1,14,N,N,NA
M,18-24,3,Democrat,0,0,N,N,NA
M,35-44,3,Independent,0,0,N,N,NA
F,18-24,3,Democrat,0,0,N,N,NA
M,18-24,3,Democrat,0,0,N,N,NA
F,65+,3,Independent,0,0,N,N,NA
M,25-34,2,Democrat,0,0,Y,N,NA
F,55-64,2,Other,1,20,N,N,NA
M,25-34,3,Democrat,0,0,N,N,NA
F,45-54,1,Democrat,0,0,N,N,NA
F,65+,1,Democrat,0,0,N,N,NA
F,65+,1,Independent,0,0,N,N,NA
M,45-54,3,Democrat,0,0,N,N,NA
M,65+,1,Democrat,0,0,N,N,NA
M,65+,1,Independent,0,0,N,N,NA
M,25-34,3,Democrat,0,0,N,N,NA
F,45-54,1,Independent,0,0,N,N,NA
F,25-34,1,Democrat,0,0,N,N,NA
M,65+,1,Democrat,0,0,N,N,NA
F,65+,3,Democrat,0,0,N,N,NA
F,18-24,3,Democrat,0,0,N,N,NA
F,55-64,3,Independent,0,0,N,N,NA
M,65+,2,Democrat,0,0,N,N,NA
M,45-54,2,Independent,0,0,N,N,NA
M,18-24,3,Other,0,0,N,N,NA
F,25-34,3,Democrat,0,0,N,N,NA
F,65+,3,Democrat,0,0,N,N,NA
F,25-34,1,Democrat,1,19,N,N,NA
F,45-54,3,Democrat,0,0,N,N,NA
M,55-64,2,Democrat,0,0,N,N,NA
M,65+,3,Democrat,0,0,N,N,NA
M,65+,2,Democrat,0,0,N,N,NA
M,18-24,1,Democrat,0,0,N,N,NA
M,25-34,1,Democrat,0,0,N,N,NA
F,65+,2,Democrat,0,0,N,N,NA
M,55-64,3,Other,0,0,N,N,NA
M,65+,1,Democrat,0,0,N,N,NA
M,55-64,2,Democrat,0,0,N,N,NA
M,45-54,1,Democrat,0,0,N,N,NA
M,65+,2,Democrat,0,0,N,N,NA
M,65+,3,Democrat,0,0,N,Y,Email
M,35-44,2,Independent,0,0,N,N,NA
M,18-24,3,Other,0,0,N,N,NA
M,25-34,1,Democrat,0,0,N,N,NA
M,55-64,3,Democrat,0,0,N,N,NA
F,35-44,3,Democrat,0,0,N,N,NA
F,25-34,3,Other,0,0,N,N,NA
M,25-34,2,Democrat,0,0,N,N,NA
M,25-34,1,Other,0,0,N,N,NA
F,25-34,1,Democrat,0,0,N,N,NA
M,25-34,2,Democrat,0,0,N,N,NA
M,18-24,3,Democrat,0,0,N,N,NA
M,65+,3,Democrat,0,0,N,N,NA
M,18-24,3,Democrat,0,0,N,N,NA
F,45-54,1,Democrat,0,0,N,N,NA
F,35-44,2,Independent,0,0,N,Y,Email
M,25-34,3,Independent,0,0,N,N,NA
M,18-24,2,Democrat,1,18,N,N,NA
M,35-44,1,Democrat,0,0,N,N,NA
M,25-34,3,Democrat,0,0,N,N,NA
F,25-34,1,Democrat,0,0,N,N,NA
M,65+,2,Independent,0,0,N,N,NA
M,25-34,3,Democrat,0,0,N,N,NA
M,55-64,1,Democrat,0,0,N,N,NA
M,65+,1,Democrat,0,0,N,N,NA
F,25-34,1,Democrat,0,0,N,N,NA
M,18-24,2,Democrat,0,0,N,N,NA
F,55-64,2,Independent,0,0,N,N,NA
M,65+,1,Other,0,0,N,N,NA
F,35-44,1,Independent,0,0,N,Y,Email
F,55-64,3,Democrat,0,0,N,N,NA
F,45-54,2,Democrat,0,0,N,N,NA
F,35-44,3,Independent,0,0,N,N,NA
M,65+,2,Democrat,1,28,Y,N,NA
M,65+,3,Democrat,0,0,N,N,NA
F,45-54,2,Democrat,0,0,N,N,NA
F,65+,3,Democrat,0,0,N,N,NA
F,65+,2,Democrat,1,19,N,N,NA
M,18-24,2,Democrat,0,0,N,N,NA
F,35-44,2,Democrat,0,0,Y,N,NA
F,35-44,2,Democrat,0,0,N,Y,Twitter
F,35-44,3,Other,0,0,N,N,NA
F,18-24,2,Democrat,1,26,N,N,NA
F,35-44,3,Independent,0,0,N,N,NA
F,65+,2,Independent,0,0,N,N,NA
M,55-64,3,Democrat,0,0,N,N,NA
F,18-24,2,Democrat,0,0,N,N,NA
M,65+,1,Democrat,0,0,N,N,NA
F,18-24,2,Independent,0,0,N,N,NA
F,65+,3,Democrat,0,0,N,N,NA
F,25-34,3,Independent,0,0,N,N,NA
F,55-64,3,Independent,0,0,N,N,NA
M,55-64,1,Democrat,0,0,N,N,NA
F,18-24,2,Independent,0,0,N,N,NA
M,65+,3,Independent,0,0,N,N,NA
M,35-44,3,Democrat,0,0,N,N,NA
F,65+,3,Democrat,0,0,N,N,NA
M,25-34,2,Other,0,0,N,N,NA
M,25-34,1,Democrat,0,0,N,N,NA
M,65+,2,Democrat,0,0,N,N,NA
M,25-34,2,Independent,0,0,N,N,NA
M,65+,2,Democrat,0,0,N,N,NA
M,18-24,2,Independent,1,17,N,N,NA
M,18-24,1,Democrat,0,0,N,N,NA
M,35-44,2,Democrat,0,0,N,N,NA
F,65+,3,Other,0,0,N,N,NA
M,65+,2,Democrat,1,26,N,N,NA
M,65+,1,Democrat,0,0,N,N,NA
F,25-34,1,Democrat,0,0,N,N,NA
M,25-34,3,Democrat,0,0,N,N,NA
F,25-34,3,Other,0,0,N,N,NA
F,35-44,3,Democrat,0,0,N,N,NA
M,35-44,3,Independent,0,0,N,N,NA
M,35-44,2,Independent,0,0,N,N,NA
F,25-34,3,Other,0,0,N,N,NA
F,45-54,2,Independent,0,0,N,N,NA
F,25-34,1,Independent,0,0,N,N,NA
M,18-24,1,Democrat,1,19,N,N,NA
M,65+,1,Independent,0,0,N,N,NA
F,65+,2,Democrat,0,0,N,N,NA
M,18-24,1,Democrat,0,0,N,N,NA
F,55-64,2,Other,0,0,N,N,NA
F,45-54,3,Democrat,0,0,N,N,NA
M,25-34,1,Democrat,0,0,N,N,NA
M,55-64,2,Democrat,0,0,N,N,NA
F,65+,3,Democrat,0,0,N,N,NA
F,25-34,1,Democrat,0,0,N,N,NA
M,18-24,1,Democrat,0,0,N,N,NA
M,45-54,1,Democrat,0,0,N,N,NA
M,25-34,1,Democrat,0,0,N,N,NA
F,55-64,2,Democrat,1,19,N,N,NA
F,18-24,1,Independent,0,0,N,N,NA
M,65+,2,Democrat,0,0,N,N,NA
M,65+,1,Democrat,0,0,N,N,NA
M,18-24,3,Democrat,0,0,N,N,NA
M,18-24,2,Democrat,0,0,N,N,NA
F,35-44,3,Other,0,0,N,N,NA
F,25-34,3,Democrat,0,0,N,N,NA
M,65+,2,Democrat,0,0,N,N,NA
M,18-24,3,Independent,0,0,N,N,NA
F,65+,3,Independent,0,0,N,N,NA
F,18-24,1,Independent,0,0,N,N,NA
M,25-34,2,Democrat,0,0,N,N,NA
F,35-44,1,Democrat,0,0,N,N,NA
F,65+,1,Democrat,0,0,N,N,NA
M,65+,3,Democrat,0,0,N,N,NA
F,18-24,2,Independent,0,0,N,N,NA
M,55-64,1,Other,0,0,N,N,NA
F,25-34,3,Democrat,0,0,N,N,NA
M,35-44,3,Democrat,0,0,N,N,NA
F,18-24,3,Democrat,0,0,N,N,NA
M,18-24,1,Democrat,0,0,N,N,NA
F,18-24,1,Democrat,0,0,N,N,NA
M,45-54,3,Democrat,0,0,N,N,NA
M,45-54,2,Democrat,0,0,N,N,NA
F,55-64,2,Democrat,0,0,N,N,NA
F,65+,1,Democrat,0,0,N,N,NA
M,35-44,2,Democrat,0,0,N,N,NA
M,55-64,2,Independent,0,0,N,N,NA
M,65+,3,Democrat,0,0,N,N,NA
F,45-54,3,Other,0,0,N,N,NA
F,65+,1,Democrat,0,0,N,N,NA
M,18-24,3,Independent,0,0,N,N,NA
F,25-34,1,Democrat,0,0,N,N,NA
M,65+,2,Democrat,0,0,N,N,NA
F,18-24,1,Democrat,0,0,N,N,NA
F,65+,3,Independent,0,0,N,N,NA
F,18-24,2,Other,0,0,N,N,NA
M,45-54,2,Independent,0,0,N,N,NA
F,55-64,1,Democrat,1,25,Y,N,NA
M,18-24,1,Independent,0,0,N,N,NA
M,18-24,1,Independent,0,0,N,N,NA
F,65+,3,Democrat,0,0,N,N,NA
F,18-24,1,Democrat,0,0,N,N,NA
M,65+,2,Democrat,0,0,N,N,NA
F,25-34,3,Democrat,0,0,N,N,NA
M,55-64,1,Democrat,0,0,N,Y,Twitter
F,18-24,3,Democrat,0,0,N,N,NA
F,65+,1,Other,0,0,N,N,NA
M,25-34,1,Democrat,0,0,N,N,NA
F,65+,2,Other,0,0,N,N,NA
M,35-44,2,Democrat,0,0,N,N,NA
F,65+,3,Democrat,0,0,N,N,NA
M,35-44,3,Independent,0,0,N,N,NA
F,25-34,3,Democrat,0,0,N,N,NA
F,35-44,3,Democrat,0,0,N,N,NA
M,25-34,1,Other,0,0,N,N,NA
M,18-24,2,Other,0,0,N,N,NA
F,45-54,2,Democrat,0,0,N,Y,Twitter
M,25-34,3,Democrat,0,0,N,N,NA
M,55-64,1,Democrat,0,0,N,N,NA
F,55-64,2,Other,0,0,N,N,NA
F,35-44,2,Democrat,0,0,N,N,NA
F,55-64,3,Democrat,0,0,N,N,NA
M,65+,3,Democrat,0,0,N,N,NA
M,18-24,3,Democrat,0,0,N,N,NA
F,18-24,3,Democrat,1,38,N,N,NA
M,45-54,1,Democrat,0,0,N,N,NA
F,35-44,1,Independent,0,0,N,N,NA
F,25-34,2,Democrat,0,0,N,N,NA
F,65+,2,Democrat,0,0,N,N,NA
M,25-34,3,Democrat,0,0,N,N,NA
F,35-44,3,Other,0,0,N,N,NA
M,45-54,1,Independent,0,0,N,N,NA
M,25-34,1,Independent,0,0,N,N,NA
M,35-44,1,Democrat,0,0,N,N,NA
F,65+,2,Other,0,0,N,N,NA
M,65+,3,Other,0,0,N,N,NA
M,65+,2,Democrat,0,0,N,N,NA
M,65+,2,Independent,0,0,N,N,NA
M,18-24,1,Democrat,0,0,N,N,NA
F,18-24,2,Democrat,0,0,N,N,NA
F,35-44,3,Democrat,0,0,N,N,NA
M,65+,3,Democrat,0,0,N,N,NA
F,18-24,1,Independent,0,0,N,N,NA
M,45-54,3,Democrat,0,0,N,N,NA
F,65+,1,Democrat,0,0,N,N,NA
M,18-24,3,Independent,0,0,N,N,NA
F,65+,1,Democrat,0,0,N,N,NA
M,35-44,2,Democrat,0,0,N,N,NA
M,55-64,3,Democrat,0,0,N,N,NA
F,25-34,3,Democrat,0,0,N,N,NA
F,55-64,3,Democrat,0,0,N,N,NA
F,35-44,2,Democrat,0,0,N,N,NA
F,65+,1,Independent,0,0,N,N,NA
F,65+,3,Democrat,0,0,N,N,NA
F,65+,2,Democrat,0,0,N,N,NA
M,65+,1,Democrat,0,0,N,N,NA
F,18-24,2,Democrat,0,0,N,N,NA
M,55-64,1,Democrat,0,0,N,N,NA
F,65+,1,Democrat,0,0,N,N,NA
M,25-34,1,Independent,0,0,N,N,NA
M,55-64,1,Democrat,0,0,N,N,NA
F,25-34,1,Democrat,0,0,N,Y,Twitter
F,25-34,1,Democrat,0,0,N,N,NA
F,25-34,3,Democrat,0,0,N,N,NA
M,18-24,3,Democrat,1,50,N,N,NA
M,25-34,2,Democrat,0,0,N,N,NA
F,18-24,2,Democrat,0,0,Y,N,NA
M,45-54,2,Democrat,0,0,N,N,NA
F,65+,1,Democrat,0,0,N,N,NA
F,18-24,1,Independent,0,0,N,N,NA
M,65+,2,Democrat,0,0,N,Y,Twitter
F,18-24,1,Democrat,0,0,N,N,NA
M,65+,3,Democrat,0,0,N,N,NA
M,25-34,3,Democrat,0,0,N,N,NA
M,45-54,2,Democrat,0,0,N,N,NA
F,55-64,2,Democrat,0,0,N,N,NA
F,25-34,2,Democrat,0,0,N,N,NA
M,55-64,1,Democrat,0,0,N,N,NA
M,65+,2,Democrat,0,0,N,N,NA
M,45-54,2,Democrat,0,0,N,N,NA
F,25-34,3,Independent,0,0,N,N,NA
F,18-24,2,Independent,0,0,N,N,NA
M,65+,2,Independent,0,0,N,N,NA
F,18-24,2,Democrat,0,0,N,N,NA
F,35-44,3,Independent,0,0,N,N,NA
M,25-34,1,Democrat,0,0,N,N,NA
M,55-64,3,Democrat,0,0,N,N,NA
F,35-44,1,Democrat,0,0,N,N,NA
M,65+,1,Democrat,0,0,N,N,NA
M,65+,1,Democrat,0,0,N,N,NA
M,25-34,2,Democrat,0,0,N,N,NA
M,55-64,2,Independent,0,0,N,N,NA
M,55-64,3,Democrat,0,0,N,N,NA
M,55-64,3,Democrat,0,0,N,N,NA
M,65+,2,Democrat,0,0,N,N,NA
F,65+,1,Independent,0,0,N,N,NA
F,65+,1,Democrat,0,0,N,N,NA
F,25-34,3,Independent,0,0,N,N,NA
M,55-64,2,Democrat,0,0,N,N,NA
F,65+,1,Other,0,0,N,N,NA
F,45-54,2,Democrat,0,0,N,N,NA
F,65+,2,Democrat,1,16,N,Y,Email
M,18-24,1,Independent,0,0,N,N,NA
M,55-64,3,Democrat,0,0,N,N,NA
F,45-54,1,Democrat,0,0,N,N,NA
F,55-64,1,Democrat,0,0,N,N,NA
F,35-44,1,Democrat,1,14,N,N,NA
M,25-34,2,Democrat,0,0,N,N,NA
M,18-24,2,Democrat,0,0,N,N,NA
F,55-64,1,Democrat,0,0,N,N,NA
M,25-34,1,Other,0,0,N,Y,Email
M,45-54,1,Other,0,0,Y,N,NA
F,45-54,3,Independent,0,0,N,N,NA
F,25-34,2,Democrat,0,0,N,Y,Email
F,65+,1,Democrat,0,0,N,N,NA
F,18-24,1,Democrat,0,0,N,N,NA
M,65+,2,Independent,0,0,N,N,NA
F,65+,3,Democrat,1,24,N,N,NA
F,18-24,1,Democrat,0,0,N,N,NA
M,25-34,3,Democrat,0,0,N,N,NA
F,65+,2,Democrat,0,0,N,N,NA
M,35-44,3,Democrat,0,0,N,N,NA
F,18-24,3,Democrat,0,0,N,N,NA
F,18-24,3,Democrat,0,0,N,N,NA
F,65+,3,Independent,0,0,N,N,NA
M,25-34,1,Democrat,0,0,N,N,NA
M,18-24,1,Independent,0,0,N,N,NA
F,18-24,3,Democrat,0,0,N,N,NA
F,25-34,3,Democrat,0,0,N,N,NA
M,55-64,3,Independent,0,0,N,N,NA
F,65+,2,Other,0,0,N,N,NA
M,65+,1,Democrat,0,0,N,N,NA
F,65+,1,Democrat,0,0,N,N,NA
F,55-64,2,Other,0,0,N,N,NA
F,25-34,2,Democrat,0,0,N,N,NA
M,25-34,3,Democrat,0,0,N,N,NA
F,18-24,1,Independent,0,0,N,N,NA
M,25-34,2,Independent,0,0,N,N,NA
M,65+,1,Independent,0,0,N,N,NA
M,18-24,2,Independent,0,0,N,N,NA
M,18-24,3,Democrat,0,0,N,N,NA
F,65+,1,Democrat,0,0,N,Y,Email
F,55-64,3,Democrat,0,0,N,N,NA
M,65+,1,Democrat,0,0,N,N,NA
M,35-44,2,Democrat,0,0,N,N,NA
F,65+,2,Independent,0,0,N,N,NA
F,18-24,3,Independent,0,0,N,Y,Email
M,25-34,3,Democrat,0,0,N,N,NA
F,65+,2,Democrat,0,0,N,N,NA
M,35-44,3,Independent,0,0,N,N,NA
F,45-54,1,Independent,0,0,N,N,NA
M,35-44,1,Independent,0,0,N,N,NA
F,55-64,3,Independent,0,0,N,N,NA
F,45-54,2,Democrat,0,0,N,N,NA
F,45-54,3,Other,0,0,N,N,NA
F,65+,3,Democrat,0,0,N,N,NA
F,65+,1,Democrat,0,0,N,N,NA
F,65+,2,Democrat,0,0,N,N,NA
M,25-34,3,Independent,0,0,N,N,NA
M,65+,1,Democrat,0,0,N,N,NA
F,55-64,1,Independent,1,27,N,N,NA
M,18-24,2,Independent,0,0,N,N,NA
F,35-44,3,Other,0,0,N,N,NA
M,65+,1,Democrat,0,0,N,N,NA
M,18-24,2,Democrat,0,0,N,N,NA
F,35-44,2,Democrat,0,0,N,N,NA
F,35-44,1,Independent,1,21,N,N,NA
M,25-34,2,Democrat,0,0,N,N,NA
F,65+,1,Independent,0,0,N,N,NA
F,65+,2,Democrat,0,0,N,N,NA
F,65+,3,Democrat,0,0,N,N,NA
F,45-54,3,Democrat,0,0,N,Y,Email
M,25-34,3,Democrat,0,0,N,N,NA
F,65+,2,Democrat,0,0,N,N,NA
F,18-24,3,Democrat,0,0,N,Y,Email
M,65+,1,Democrat,0,0,N,N,NA
M,55-64,3,Independent,0,0,N,N,NA
M,55-64,2,Democrat,0,0,N,N,NA
F,35-44,3,Democrat,0,0,N,N,NA
F,35-44,2,Democrat,1,20,Y,N,NA
M,65+,1,Democrat,1,19,N,N,NA
M,18-24,2,Independent,0,0,N,N,NA
F,35-44,1,Other,0,0,N,N,NA
M,35-44,2,Democrat,0,0,N,N,NA
M,25-34,3,Democrat,0,0,N,N,NA
F,35-44,2,Independent,0,0,N,N,NA
M,25-34,3,Democrat,0,0,N,N,NA
F,35-44,2,Democrat,0,0,N,N,NA
F,25-34,1,Democrat,0,0,N,N,NA
M,18-24,3,Democrat,0,0,N,N,NA
M,25-34,1,Other,0,0,N,N,NA
F,65+,1,Democrat,1,26,N,Y,Email
M,65+,1,Democrat,0,0,N,N,NA
F,65+,3,Other,0,0,N,N,NA
F,18-24,1,Independent,0,0,N,N,NA
F,18-24,1,Independent,0,0,N,N,NA
F,25-34,2,Democrat,0,0,N,N,NA
M,55-64,1,Democrat,0,0,N,N,NA
F,65+,3,Democrat,0,0,N,N,NA
M,18-24,3,Independent,0,0,N,N,NA
F,65+,1,Democrat,1,19,N,N,NA
M,18-24,2,Democrat,0,0,N,N,NA
M,45-54,3,Democrat,0,0,N,N,NA
F,55-64,3,Democrat,0,0,N,N,NA
M,45-54,2,Democrat,0,0,N,N,NA
M,65+,1,Democrat,0,0,N,Y,Twitter
F,18-24,2,Democrat,0,0,N,N,NA
M,65+,3,Democrat,0,0,N,N,NA
M,45-54,2,Independent,0,0,N,N,NA
M,65+,3,Democrat,0,0,N,N,NA
M,55-64,3,Democrat,0,0,N,N,NA
M,18-24,2,Democrat,0,0,N,N,NA
